# cyc cib25 cib39 pa11 pb13 pa15 tx20 tx22 tx9 tx2c pc20
0 0000000000
1 0000000000
2 1000000000
3 1000000000
4 1011110011
5 0010010101
6 0000101111
7 0001110000
8 1011001111
9 1011110110
10 1011010001
11 0001001111
12 0010100010
13 0011011100
14 1000101110
15 1111100011
16 1111001001
17 0111110110
18 0100011101
19 0101000111
20 1111001011
21 1110011110
22 1100101110
23 0111100011
24 0111101101
25 0111001011
26 1111011000
27 1110110001
28 1100011111
29 0111110011
30 0110010101
31 0000101111
32 1001110000
33 1011001111
34 1011110110
35 0011010001
36 0001001111
37 0010100010
38 1011011100
39 1000101110
40 1011100011
41 0011001001
42 0011110110
43 0000011101
44 1001000111
45 1011001011
46 1010011110
47 0100101110
48 0111100011
49 0111101101
50 1111001011
51 1111011000
52 1110110001
53 0100011111
54 0111110011
55 0110010101
56 1100101111
57 1101110000
58 1111001111
59 0111110110
60 0111010001
61 0101001111
62 1110100010
63 1011011100
64 1000101110
65 0011100011
66 0011001001
67 0011110110
68 1000011101
69 1001000111
70 1011001011
71 0010011110
72 0000101110
73 0011100011
74 1011101101
75 1011001011
76 1011011000
77 0010110001
78 0000011111
79 0111110011
80 1110010101
81 1100101111
82 1101110000
83 0111001111
84 0111110110
85 0111010001
86 1101001111
87 1110100010
88 1111011100
89 0100101110
90 0111100011
91 0111001001
92 1111110110
93 1100011101
94 1101000111
95 0011001011
96 0010011110
97 0000101110
98 1011100011
99 1011101101
100 1011001011
101 0011011000
102 0010110001
103 0000011111
104 1011110011
105 1010010101
106 1000101111
107 0001110000
108 0011001111
109 0011110110
110 1011010001
111 1101001111
112 1110100010
113 0111011100
114 0100101110
115 0111100011
116 1111001001
117 1111110110
118 1100011101
119 0101000111
120 0111001011
121 0110011110
122 1100101110
123 1111100011
124 1111101101
125 0111001011
126 0111011000
127 0010110001
128 1000011111
129 1011110011
130 1010010101
131 0000101111
132 0001110000
133 0011001111
134 1011110110
135 1011010001
136 1001001111
137 0010100010
138 0011011100
139 0000101110
140 1011100011
141 1011001001
142 1011110110
143 0100011101
144 0101000111
145 0111001011
146 1110011110
147 1100101110
148 1111100011
149 0111101101
150 0111001011
151 0111011000
152 1110110001
153 1100011111
154 1111110011
155 0110010101
156 0100101111
157 0101110000
158 1111001111
159 1011110110
160 1011010001
161 0001001111
162 0010100010
163 0011011100
164 1000101110
165 1011100011
166 1011001001
167 0011110110
168 0000011101
169 0001000111
170 1011001011
171 1010011110
172 1000101110
173 0011100011
174 0011101101
175 0111001011
176 1111011000
177 1110110001
178 1100011111
179 0111110011
180 0110010101
181 0100101111
182 1101110000
183 1111001111
184 1111110110
185 0111010001
186 0101001111
187 0110100010
188 1111011100
189 1100101110
190 1111100011
191 0011001001
192 0011110110
193 0000011101
194 1001000111
195 1011001011
196 1010011110
197 0000101110
198 0011100011
199 0011101101
200 1011001011
201 1011011000
202 1010110001
203 0000011111
204 0011110011
205 0010010101
206 1000101111
207 1101110000
208 1111001111
209 0111110110
210 0111010001
211 0101001111
212 1110100010
213 1111011100
214 1100101110
215 0111100011
216 0111001001
217 0111110110
218 1100011101
219 1101000111
220 1111001011
221 0110011110
222 0100101110
223 0011100011
224 1011101101
225 1011001011
226 1011011000
227 0010110001
228 0000011111
229 0011110011
230 1010010101
231 1000101111
232 1001110000
233 0011001111
234 0011110110
235 0011010001
236 1001001111
237 1010100010
238 1011011100
239 0100101110
240 0111100011
241 0111001001
242 1111110110
243 1100011101
244 1101000111
245 0111001011
246 0110011110
247 0100101110
248 1111100011
249 1111101101
250 1111001011
251 0111011000
252 0110110001
253 0100011111
254 1111110011
255 1010010101
256 1000101111
257 0001110000
258 0011001111
259 0011110110
260 1011010001
261 1001001111
262 1010100010
263 0011011100
264 0000101110
265 0011100011
266 1011001001
267 1011110110
268 1000011101
269 0001000111
270 0011001011
271 0110011110
272 1100101110
273 1111100011
274 1111101101
275 0111001011
276 0111011000
277 0110110001
278 1100011111
279 1111110011
280 1110010101
281 0100101111
282 0101110000
283 0111001111
284 1111110110
285 1111010001
286 1101001111
287 0010100010
288 0011011100
289 0000101110
290 1011100011
291 1011001001
292 1011110110
293 0000011101
294 0001000111
295 0011001011
296 1010011110
297 1000101110
298 1011100011
299 0011101101
300 0011001011
301 0011011000
302 1010110001
303 1100011111
304 1111110011
305 0110010101
306 0100101111
307 0101110000
308 1111001111
309 1111110110
310 1111010001
311 0101001111
312 0110100010
313 0111011100
314 1100101110
315 1111100011
316 1111001001
317 0111110110
318 0100011101
319 0001000111
320 1011001011
321 1010011110
322 1000101110
323 0011100011
324 0011101101
325 0011001011
326 1011011000
327 1010110001
328 1000011111
329 0011110011
330 0010010101
331 0000101111
332 1001110000
333 1011001111
334 1011110110
335 0111010001
336 0101001111
337 0110100010
338 1111011100
339 1100101110
340 1111100011
341 0111001001
342 0111110110
343 0100011101
344 1101000111
345 1111001011
346 1110011110
347 0100101110
348 0111100011
349 0111101101
350 1111001011
351 1011011000
352 1010110001
353 0000011111
354 0011110011
355 0010010101
356 1000101111
357 1001110000
358 1011001111
359 0011110110
360 0011010001
361 0001001111
362 1010100010
363 1011011100
364 1000101110
365 0011100011
366 0011001001
367 0111110110
368 1100011101
369 1101000111
370 1111001011
371 0110011110
372 0100101110
373 0111100011
374 1111101101
375 1111001011
376 1111011000
377 0110110001
378 0100011111
379 0111110011
380 1110010101
381 1100101111
382 1101110000
383 0011001111
384 0011110110
385 0011010001
386 1001001111
387 1010100010
388 1011011100
389 0000101110
390 0011100011
391 0011001001
392 1011110110
393 1000011101
394 1001000111
395 0011001011
396 0010011110
397 0000101110
398 1011100011
399 1111101101
400 1111001011
401 0111011000
402 0110110001
403 0100011111
404 1111110011
405 1110010101
406 1100101111
407 0101110000
408 0111001111
409 0111110110
410 1111010001
411 1101001111
412 1110100010
413 0111011100
414 0100101110
415 0011100011
416 1011001001
417 1011110110
418 1000011101
419 0001000111
420 0011001011
421 0010011110
422 1000101110
423 1011100011
424 1011101101
425 0011001011
426 0011011000
427 0010110001
428 1000011111
429 1011110011
430 1010010101
431 0100101111
432 0101110000
433 0111001111
434 1111110110
435 1111010001
436 1101001111
437 0110100010
438 0111011100
439 0100101110
440 1111100011
441 1111001001
442 1111110110
443 0100011101
444 0101000111
445 0111001011
446 1110011110
447 1000101110
448 1011100011
449 0011101101
450 0011001011
451 0011011000
452 1010110001
453 1000011111
454 1011110011
455 0010010101
456 0000101111
457 0001110000
458 1011001111
459 1011110110
460 1011010001
461 0001001111
462 0010100010
463 0111011100
464 1100101110
465 1111100011
466 1111001001
467 0111110110
468 0100011101
469 0101000111
470 1111001011
471 1110011110
472 1100101110
473 0111100011
474 0111101101
475 0111001011
476 1111011000
477 1110110001
478 1100011111
479 0011110011
480 0010010101
481 0000101111
482 1001110000
483 1011001111
484 1011110110
485 0011010001
486 0001001111
487 0010100010
488 1011011100
489 1000101110
490 1011100011
491 0011001001
492 0011110110
493 0000011101
494 1001000111
495 1111001011
496 1110011110
497 0100101110
498 0111100011
499 0111101101
500 1111001011
501 1111011000
502 1110110001
503 0100011111
504 0111110011
505 0110010101
506 1100101111
507 1101110000
508 1111001111
509 0111110110
510 0111010001
511 0001001111
512 1010100010
513 1011011100
514 1000101110
515 0011100011
516 0011001001
517 0011110110
518 1000011101
519 1001000111
520 1011001011
521 0010011110
522 0000101110
523 0011100011
524 1011101101
525 1011001011
526 1011011000
527 0110110001
528 0100011111
529 0111110011
530 1110010101
531 1100101111
532 1101110000
533 0111001111
534 0111110110
535 0111010001
536 1101001111
537 1110100010
538 1111011100
539 0100101110
540 0111100011
541 0111001001
542 1111110110
543 1000011101
544 1001000111
545 0011001011
546 0010011110
547 0000101110
548 1011100011
549 1011101101
550 1011001011
551 0011011000
552 0010110001
553 0000011111
554 1011110011
555 1010010101
556 1000101111
557 0001110000
558 0011001111
559 0111110110
560 1111010001
561 1101001111
562 1110100010
563 0111011100
564 0100101110
565 0111100011
566 1111001001
567 1111110110
568 1100011101
569 0101000111
570 0111001011
571 0110011110
572 1100101110
573 1111100011
574 1111101101
575 0011001011
576 0011011000
577 0010110001
578 1000011111
579 1011110011
580 1010010101
581 0000101111
582 0001110000
583 0011001111
584 1011110110
585 1011010001
586 1001001111
587 0010100010
588 0011011100
589 0000101110
590 1011100011
591 1111001001
592 1111110110
593 0100011101
594 0101000111
595 0111001011
596 1110011110
597 1100101110
598 1111100011
599 0111101101
600 0111001011
601 0111011000
602 1110110001
603 1100011111
604 1111110011
605 0110010101
606 0100101111
607 0001110000
608 1011001111
609 1011110110
610 1011010001
611 0001001111
612 0010100010
613 0011011100
614 1000101110
615 1011100011
616 1011001001
617 0011110110
618 0000011101
619 0001000111
620 1011001011
621 1010011110
622 1000101110
623 0111100011
624 0111101101
625 0111001011
626 1111011000
627 1110110001
628 1100011111
629 0111110011
630 0110010101
631 0100101111
632 1101110000
633 1111001111
634 1111110110
635 0111010001
636 0101001111
637 0110100010
638 1111011100
639 1000101110
640 1011100011
641 0011001001
642 0011110110
643 0000011101
644 1001000111
645 1011001011
646 1010011110
647 0000101110
648 0011100011
649 0011101101
650 1011001011
651 1011011000
652 1010110001
653 0000011111
654 0011110011
655 0110010101
656 1100101111
657 1101110000
658 1111001111
659 0111110110
660 0111010001
661 0101001111
662 1110100010
663 1111011100
664 1100101110
665 0111100011
666 0111001001
667 0111110110
668 1100011101
669 1101000111
670 1111001011
671 0010011110
672 0000101110
673 0011100011
674 1011101101
675 1011001011
676 1011011000
677 0010110001
678 0000011111
679 0011110011
680 1010010101
681 1000101111
682 1001110000
683 0011001111
684 0011110110
685 0011010001
686 1001001111
687 1110100010
688 1111011100
689 0100101110
690 0111100011
691 0111001001
692 1111110110
693 1100011101
694 1101000111
695 0111001011
696 0110011110
697 0100101110
698 1111100011
699 1111101101
700 1111001011
701 0111011000
702 0110110001
703 0000011111
704 1011110011
705 1010010101
706 1000101111
707 0001110000
708 0011001111
709 0011110110
710 1011010001
711 1001001111
712 1010100010
713 0011011100
714 0000101110
715 0011100011
716 1011001001
717 1011110110
718 1000011101
719 0101000111
720 0111001011
721 0110011110
722 1100101110
723 1111100011
724 1111101101
725 0111001011
726 0111011000
727 0110110001
728 1100011111
729 1111110011
730 1110010101
731 0100101111
732 0101110000
733 0111001111
734 1111110110
735 1011010001
736 1001001111
737 0010100010
738 0011011100
739 0000101110
740 1011100011
741 1011001001
742 1011110110
743 0000011101
744 0001000111
745 0011001011
746 1010011110
747 1000101110
748 1011100011
749 0011101101
750 0011001011
751 0111011000
752 1110110001
753 1100011111
754 1111110011
755 0110010101
756 0100101111
757 0101110000
758 1111001111
759 1111110110
760 1111010001
761 0101001111
762 0110100010
763 0111011100
764 1100101110
765 1111100011
766 1111001001
767 0011110110
768 0000011101
769 0001000111
770 1011001011
771 1010011110
772 1000101110
773 0011100011
774 0011101101
775 0011001011
776 1011011000
777 1010110001
778 1000011111
779 0011110011
780 0010010101
781 0000101111
782 1001110000
783 1111001111
784 1111110110
785 0111010001
786 0101001111
787 0110100010
788 1111011100
789 1100101110
790 1111100011
791 0111001001
792 0111110110
793 0100011101
794 1101000111
795 1111001011
796 1110011110
797 0100101110
798 0111100011
799 0011101101
800 1011001011
801 1011011000
802 1010110001
803 0000011111
804 0011110011
805 0010010101
806 1000101111
807 1001110000
808 1011001111
809 0011110110
810 0011010001
811 0001001111
812 1010100010
813 1011011100
814 1000101110
815 0111100011
816 0111001001
817 0111110110
818 1100011101
819 1101000111
820 1111001011
821 0110011110
822 0100101110
823 0111100011
824 1111101101
825 1111001011
826 1111011000
827 0110110001
828 0100011111
829 0111110011
830 1110010101
831 1000101111
832 1001110000
833 0011001111
834 0011110110
835 0011010001
836 1001001111
837 1010100010
838 1011011100
839 0000101110
840 0011100011
841 0011001001
842 1011110110
843 1000011101
844 1001000111
845 0011001011
846 0010011110
847 0100101110
848 1111100011
849 1111101101
850 1111001011
851 0111011000
852 0110110001
853 0100011111
854 1111110011
855 1110010101
856 1100101111
857 0101110000
858 0111001111
859 0111110110
860 1111010001
861 1101001111
862 1110100010
863 0011011100
864 0000101110
865 0011100011
866 1011001001
867 1011110110
868 1000011101
869 0001000111
870 0011001011
871 0010011110
872 1000101110
873 1011100011
874 1011101101
875 0011001011
876 0011011000
877 0010110001
878 1000011111
879 1111110011
880 1110010101
881 0100101111
882 0101110000
883 0111001111
884 1111110110
885 1111010001
886 1101001111
887 0110100010
888 0111011100
889 0100101110
890 1111100011
891 1111001001
892 1111110110
893 0100011101
894 0101000111
895 0011001011
896 1010011110
897 1000101110
898 1011100011
899 0011101101
900 0011001011
901 0011011000
902 1010110001
903 1000011111
904 1011110011
905 0010010101
906 0000101111
907 0001110000
908 1011001111
909 1011110110
910 1011010001
911 0101001111
912 0110100010
913 0111011100
914 1100101110
915 1111100011
916 1111001001
917 0111110110
918 0100011101
919 0101000111
920 1111001011
921 1110011110
922 1100101110
923 0111100011
924 0111101101
925 0111001011
926 1111011000
927 1010110001
928 1000011111
929 0011110011
930 0010010101
931 0000101111
932 1001110000
933 1011001111
934 1011110110
935 0011010001
936 0001001111
937 0010100010
938 1011011100
939 1000101110
940 1011100011
941 0011001001
942 0011110110
943 0100011101
944 1101000111
945 1111001011
946 1110011110
947 0100101110
948 0111100011
949 0111101101
950 1111001011
951 1111011000
952 1110110001
953 0100011111
954 0111110011
955 0110010101
956 1100101111
957 1101110000
958 1111001111
959 0011110110
960 0011010001
961 0001001111
962 1010100010
963 1011011100
964 1000101110
965 0011100011
966 0011001001
967 0011110110
968 1000011101
969 1001000111
970 1011001011
971 0010011110
972 0000101110
973 0011100011
974 1011101101
975 1111001011
976 1111011000
977 0110110001
978 0100011111
979 0111110011
980 1110010101
981 1100101111
982 1101110000
983 0111001111
984 0111110110
985 0111010001
986 1101001111
987 1110100010
988 1111011100
989 0100101110
990 0111100011
991 0011001001
992 1011110110
993 1000011101
994 1001000111
995 0011001011
996 0010011110
997 0000101110
998 1011100011
999 1011101101
1000 1011001011
1001 0011011000
1002 0010110001
1003 0000011111
1004 1011110011
1005 1010010101
1006 1000101111
1007 0101110000
1008 0111001111
1009 0111110110
1010 1111010001
1011 1101001111
1012 1110100010
1013 0111011100
1014 0100101110
1015 0111100011
1016 1111001001
1017 1111110110
1018 1100011101
1019 0101000111
1020 0111001011
1021 0110011110
1022 1100101110
1023 1011100011
1024 1011101101
1025 0011001011
1026 0011011000
1027 0010110001
1028 1000011111
1029 1011110011
1030 1010010101
1031 0000101111
1032 0001110000
1033 0011001111
1034 1011110110
1035 1011010001
1036 1001001111
1037 0010100010
1038 0011011100
1039 0100101110
1040 1111100011
1041 1111001001
1042 1111110110
1043 0100011101
1044 0101000111
1045 0111001011
1046 1110011110
1047 1100101110
1048 1111100011
1049 0111101101
1050 0111001011
1051 0111011000
1052 1110110001
1053 1100011111
1054 1111110011
1055 0010010101
1056 0000101111
1057 0001110000
1058 1011001111
1059 1011110110
1060 1011010001
1061 0001001111
1062 0010100010
1063 0011011100
1064 1000101110
1065 1011100011
1066 1011001001
1067 0011110110
1068 0000011101
1069 0001000111
1070 1011001011
1071 1110011110
1072 1100101110
1073 0111100011
1074 0111101101
1075 0111001011
1076 1111011000
1077 1110110001
1078 1100011111
1079 0111110011
1080 0110010101
1081 0100101111
1082 1101110000
1083 1111001111
1084 1111110110
1085 0111010001
1086 0101001111
1087 0010100010
1088 1011011100
1089 1000101110
1090 1011100011
1091 0011001001
1092 0011110110
1093 0000011101
1094 1001000111
1095 1011001011
1096 1010011110
1097 0000101110
1098 0011100011
1099 0011101101
1100 1011001011
1101 1011011000
1102 1010110001
1103 0100011111
1104 0111110011
1105 0110010101
1106 1100101111
1107 1101110000
1108 1111001111
1109 0111110110
1110 0111010001
1111 0101001111
1112 1110100010
1113 1111011100
1114 1100101110
1115 0111100011
1116 0111001001
1117 0111110110
1118 1100011101
1119 1001000111
1120 1011001011
1121 0010011110
1122 0000101110
1123 0011100011
1124 1011101101
1125 1011001011
1126 1011011000
1127 0010110001
1128 0000011111
1129 0011110011
1130 1010010101
1131 1000101111
1132 1001110000
1133 0011001111
1134 0011110110
1135 0111010001
1136 1101001111
1137 1110100010
1138 1111011100
1139 0100101110
1140 0111100011
1141 0111001001
1142 1111110110
1143 1100011101
1144 1101000111
1145 0111001011
1146 0110011110
1147 0100101110
1148 1111100011
1149 1111101101
1150 1111001011
1151 0011011000
1152 0010110001
1153 0000011111
1154 1011110011
1155 1010010101
1156 1000101111
1157 0001110000
1158 0011001111
1159 0011110110
1160 1011010001
1161 1001001111
1162 1010100010
1163 0011011100
1164 0000101110
1165 0011100011
1166 1011001001
1167 1111110110
1168 1100011101
1169 0101000111
1170 0111001011
1171 0110011110
1172 1100101110
1173 1111100011
1174 1111101101
1175 0111001011
1176 0111011000
1177 0110110001
1178 1100011111
1179 1111110011
1180 1110010101
1181 0100101111
1182 0101110000
1183 0011001111
1184 1011110110
1185 1011010001
1186 1001001111
1187 0010100010
1188 0011011100
1189 0000101110
1190 1011100011
1191 1011001001
1192 1011110110
1193 0000011101
1194 0001000111
1195 0011001011
1196 1010011110
1197 1000101110
1198 1011100011
1199 0111101101
1200 0111001011
1201 0111011000
1202 1110110001
1203 1100011111
1204 1111110011
1205 0110010101
1206 0100101111
1207 0101110000
1208 1111001111
1209 1111110110
1210 1111010001
1211 0101001111
1212 0110100010
1213 0111011100
1214 1100101110
1215 1011100011
1216 1011001001
1217 0011110110
1218 0000011101
1219 0001000111
1220 1011001011
1221 1010011110
1222 1000101110
1223 0011100011
1224 0011101101
1225 0011001011
1226 1011011000
1227 1010110001
1228 1000011111
1229 0011110011
1230 0010010101
1231 0100101111
1232 1101110000
1233 1111001111
1234 1111110110
1235 0111010001
1236 0101001111
1237 0110100010
1238 1111011100
1239 1100101110
1240 1111100011
1241 0111001001
1242 0111110110
1243 0100011101
1244 1101000111
1245 1111001011
1246 1110011110
1247 0000101110
1248 0011100011
1249 0011101101
1250 1011001011
1251 1011011000
1252 1010110001
1253 0000011111
1254 0011110011
1255 0010010101
1256 1000101111
1257 1001110000
1258 1011001111
1259 0011110110
1260 0011010001
1261 0001001111
1262 1010100010
1263 1111011100
1264 1100101110
1265 0111100011
1266 0111001001
1267 0111110110
1268 1100011101
1269 1101000111
1270 1111001011
1271 0110011110
1272 0100101110
1273 0111100011
1274 1111101101
1275 1111001011
1276 1111011000
1277 0110110001
1278 0100011111
1279 0011110011
1280 1010010101
1281 1000101111
1282 1001110000
1283 0011001111
1284 0011110110
1285 0011010001
1286 1001001111
1287 1010100010
1288 1011011100
1289 0000101110
1290 0011100011
1291 0011001001
1292 1011110110
1293 1000011101
1294 1001000111
1295 0111001011
1296 0110011110
1297 0100101110
1298 1111100011
1299 1111101101
1300 1111001011
1301 0111011000
1302 0110110001
1303 0100011111
1304 1111110011
1305 1110010101
1306 1100101111
1307 0101110000
1308 0111001111
1309 0111110110
1310 1111010001
1311 1001001111
1312 1010100010
1313 0011011100
1314 0000101110
1315 0011100011
1316 1011001001
1317 1011110110
1318 1000011101
1319 0001000111
1320 0011001011
1321 0010011110
1322 1000101110
1323 1011100011
1324 1011101101
1325 0011001011
1326 0011011000
1327 0110110001
1328 1100011111
1329 1111110011
1330 1110010101
1331 0100101111
1332 0101110000
1333 0111001111
1334 1111110110
1335 1111010001
1336 1101001111
1337 0110100010
1338 0111011100
1339 0100101110
1340 1111100011
1341 1111001001
1342 1111110110
1343 0000011101
1344 0001000111
1345 0011001011
1346 1010011110
1347 1000101110
1348 1011100011
1349 0011101101
1350 0011001011
1351 0011011000
1352 1010110001
1353 1000011111
1354 1011110011
1355 0010010101
1356 0000101111
1357 0001110000
1358 1011001111
1359 1111110110
1360 1111010001
1361 0101001111
1362 0110100010
1363 0111011100
1364 1100101110
1365 1111100011
1366 1111001001
1367 0111110110
1368 0100011101
1369 0101000111
1370 1111001011
1371 1110011110
1372 1100101110
1373 0111100011
1374 0111101101
1375 0011001011
1376 1011011000
1377 1010110001
1378 1000011111
1379 0011110011
1380 0010010101
1381 0000101111
1382 1001110000
1383 1011001111
1384 1011110110
1385 0011010001
1386 0001001111
1387 0010100010
1388 1011011100
1389 1000101110
1390 1011100011
1391 0111001001
1392 0111110110
1393 0100011101
1394 1101000111
1395 1111001011
1396 1110011110
1397 0100101110
1398 0111100011
1399 0111101101
1400 1111001011
1401 1111011000
1402 1110110001
1403 0100011111
1404 0111110011
1405 0110010101
1406 1100101111
1407 1001110000
1408 1011001111
1409 0011110110
1410 0011010001
1411 0001001111
1412 1010100010
1413 1011011100
1414 1000101110
1415 0011100011
1416 0011001001
1417 0011110110
1418 1000011101
1419 1001000111
1420 1011001011
1421 0010011110
1422 0000101110
1423 0111100011
1424 1111101101
1425 1111001011
1426 1111011000
1427 0110110001
1428 0100011111
1429 0111110011
1430 1110010101
1431 1100101111
1432 1101110000
1433 0111001111
1434 0111110110
1435 0111010001
1436 1101001111
1437 1110100010
1438 1111011100
1439 0000101110
1440 0011100011
1441 0011001001
1442 1011110110
1443 1000011101
1444 1001000111
1445 0011001011
1446 0010011110
1447 0000101110
1448 1011100011
1449 1011101101
1450 1011001011
1451 0011011000
1452 0010110001
1453 0000011111
1454 1011110011
1455 1110010101
1456 1100101111
1457 0101110000
1458 0111001111
1459 0111110110
1460 1111010001
1461 1101001111
1462 1110100010
1463 0111011100
1464 0100101110
1465 0111100011
1466 1111001001
1467 1111110110
1468 1100011101
1469 0101000111
1470 0111001011
1471 0010011110
1472 1000101110
1473 1011100011
1474 1011101101
1475 0011001011
1476 0011011000
1477 0010110001
1478 1000011111
1479 1011110011
1480 1010010101
1481 0000101111
1482 0001110000
1483 0011001111
1484 1011110110
1485 1011010001
1486 1001001111
1487 0110100010
1488 0111011100
1489 0100101110
1490 1111100011
1491 1111001001
1492 1111110110
1493 0100011101
1494 0101000111
1495 0111001011
1496 1110011110
1497 1100101110
1498 1111100011
1499 0111101101
1500 0111001011
1501 0111011000
1502 1110110001
1503 1000011111
1504 1011110011
1505 0010010101
1506 0000101111
1507 0001110000
1508 1011001111
1509 1011110110
1510 1011010001
1511 0001001111
1512 0010100010
1513 0011011100
1514 1000101110
1515 1011100011
1516 1011001001
1517 0011110110
1518 0000011101
1519 0101000111
1520 1111001011
1521 1110011110
1522 1100101110
1523 0111100011
1524 0111101101
1525 0111001011
1526 1111011000
1527 1110110001
1528 1100011111
1529 0111110011
1530 0110010101
1531 0100101111
1532 1101110000
1533 1111001111
1534 1111110110
1535 0011010001
1536 0001001111
1537 0010100010
1538 1011011100
1539 1000101110
1540 1011100011
1541 0011001001
1542 0011110110
1543 0000011101
1544 1001000111
1545 1011001011
1546 1010011110
1547 0000101110
1548 0011100011
1549 0011101101
1550 1011001011
1551 1111011000
1552 1110110001
1553 0100011111
1554 0111110011
1555 0110010101
1556 1100101111
1557 1101110000
1558 1111001111
1559 0111110110
1560 0111010001
1561 0101001111
1562 1110100010
1563 1111011100
1564 1100101110
1565 0111100011
1566 0111001001
1567 0011110110
1568 1000011101
1569 1001000111
1570 1011001011
1571 0010011110
1572 0000101110
1573 0011100011
1574 1011101101
1575 1011001011
1576 1011011000
1577 0010110001
1578 0000011111
1579 0011110011
1580 1010010101
1581 1000101111
1582 1001110000
1583 0111001111
1584 0111110110
1585 0111010001
1586 1101001111
1587 1110100010
1588 1111011100
1589 0100101110
1590 0111100011
1591 0111001001
1592 1111110110
1593 1100011101
1594 1101000111
1595 0111001011
1596 0110011110
1597 0100101110
1598 1111100011
1599 1011101101
1600 1011001011
1601 0011011000
1602 0010110001
1603 0000011111
1604 1011110011
1605 1010010101
1606 1000101111
1607 0001110000
1608 0011001111
1609 0011110110
1610 1011010001
1611 1001001111
1612 1010100010
1613 0011011100
1614 0000101110
1615 0111100011
1616 1111001001
1617 1111110110
1618 1100011101
1619 0101000111
1620 0111001011
1621 0110011110
1622 1100101110
1623 1111100011
1624 1111101101
1625 0111001011
1626 0111011000
1627 0110110001
1628 1100011111
1629 1111110011
1630 1110010101
1631 0000101111
1632 0001110000
1633 0011001111
1634 1011110110
1635 1011010001
1636 1001001111
1637 0010100010
1638 0011011100
1639 0000101110
1640 1011100011
1641 1011001001
1642 1011110110
1643 0000011101
1644 0001000111
1645 0011001011
1646 1010011110
1647 1100101110
1648 1111100011
1649 0111101101
1650 0111001011
1651 0111011000
1652 1110110001
1653 1100011111
1654 1111110011
1655 0110010101
1656 0100101111
1657 0101110000
1658 1111001111
1659 1111110110
1660 1111010001
1661 0101001111
1662 0110100010
1663 0011011100
1664 1000101110
1665 1011100011
1666 1011001001
1667 0011110110
1668 0000011101
1669 0001000111
1670 1011001011
1671 1010011110
1672 1000101110
1673 0011100011
1674 0011101101
1675 0011001011
1676 1011011000
1677 1010110001
1678 1000011111
1679 0111110011
1680 0110010101
1681 0100101111
1682 1101110000
1683 1111001111
1684 1111110110
1685 0111010001
1686 0101001111
1687 0110100010
1688 1111011100
1689 1100101110
1690 1111100011
1691 0111001001
1692 0111110110
1693 0100011101
1694 1101000111
1695 1011001011
1696 1010011110
1697 0000101110
1698 0011100011
1699 0011101101
1700 1011001011
1701 1011011000
1702 1010110001
1703 0000011111
1704 0011110011
1705 0010010101
1706 1000101111
1707 1001110000
1708 1011001111
1709 0011110110
1710 0011010001
1711 0101001111
1712 1110100010
1713 1111011100
1714 1100101110
1715 0111100011
1716 0111001001
1717 0111110110
1718 1100011101
1719 1101000111
1720 1111001011
1721 0110011110
1722 0100101110
1723 0111100011
1724 1111101101
1725 1111001011
1726 1111011000
1727 0010110001
1728 0000011111
1729 0011110011
1730 1010010101
1731 1000101111
1732 1001110000
1733 0011001111
1734 0011110110
1735 0011010001
1736 1001001111
1737 1010100010
1738 1011011100
1739 0000101110
1740 0011100011
1741 0011001001
1742 1011110110
1743 1100011101
1744 1101000111
1745 0111001011
1746 0110011110
1747 0100101110
1748 1111100011
1749 1111101101
1750 1111001011
1751 0111011000
1752 0110110001
1753 0100011111
1754 1111110011
1755 1110010101
1756 1100101111
1757 0101110000
1758 0111001111
1759 0011110110
1760 1011010001
1761 1001001111
1762 1010100010
1763 0011011100
1764 0000101110
1765 0011100011
1766 1011001001
1767 1011110110
1768 1000011101
1769 0001000111
1770 0011001011
1771 0010011110
1772 1000101110
1773 1011100011
1774 1011101101
1775 0111001011
1776 0111011000
1777 0110110001
1778 1100011111
1779 1111110011
1780 1110010101
1781 0100101111
1782 0101110000
1783 0111001111
1784 1111110110
1785 1111010001
1786 1101001111
1787 0110100010
1788 0111011100
1789 0100101110
1790 1111100011
1791 1011001001
1792 1011110110
1793 0000011101
1794 0001000111
1795 0011001011
1796 1010011110
1797 1000101110
1798 1011100011
1799 0011101101
1800 0011001011
1801 0011011000
1802 1010110001
1803 1000011111
1804 1011110011
1805 0010010101
1806 0000101111
1807 0101110000
1808 1111001111
1809 1111110110
1810 1111010001
1811 0101001111
1812 0110100010
1813 0111011100
1814 1100101110
1815 1111100011
1816 1111001001
1817 0111110110
1818 0100011101
1819 0101000111
1820 1111001011
1821 1110011110
1822 1100101110
1823 0011100011
1824 0011101101
1825 0011001011
1826 1011011000
1827 1010110001
1828 1000011111
1829 0011110011
1830 0010010101
1831 0000101111
1832 1001110000
1833 1011001111
1834 1011110110
1835 0011010001
1836 0001001111
1837 0010100010
1838 1011011100
1839 1100101110
1840 1111100011
1841 0111001001
1842 0111110110
1843 0100011101
1844 1101000111
1845 1111001011
1846 1110011110
1847 0100101110
1848 0111100011
1849 0111101101
1850 1111001011
1851 1111011000
1852 1110110001
1853 0100011111
1854 0111110011
1855 0010010101
1856 1000101111
1857 1001110000
1858 1011001111
1859 0011110110
1860 0011010001
1861 0001001111
1862 1010100010
1863 1011011100
1864 1000101110
1865 0011100011
1866 0011001001
1867 0011110110
1868 1000011101
1869 1001000111
1870 1011001011
1871 0110011110
1872 0100101110
1873 0111100011
1874 1111101101
1875 1111001011
1876 1111011000
1877 0110110001
1878 0100011111
1879 0111110011
1880 1110010101
1881 1100101111
1882 1101110000
1883 0111001111
1884 0111110110
1885 0111010001
1886 1101001111
1887 1010100010
1888 1011011100
1889 0000101110
1890 0011100011
1891 0011001001
1892 1011110110
1893 1000011101
1894 1001000111
1895 0011001011
1896 0010011110
1897 0000101110
1898 1011100011
1899 1011101101
1900 1011001011
1901 0011011000
1902 0010110001
1903 0100011111
1904 1111110011
1905 1110010101
1906 1100101111
1907 0101110000
1908 0111001111
1909 0111110110
1910 1111010001
1911 1101001111
1912 1110100010
1913 0111011100
1914 0100101110
1915 0111100011
1916 1111001001
1917 1111110110
1918 1100011101
1919 0001000111
1920 0011001011
1921 0010011110
1922 1000101110
1923 1011100011
1924 1011101101
1925 0011001011
1926 0011011000
1927 0010110001
1928 1000011111
1929 1011110011
1930 1010010101
1931 0000101111
1932 0001110000
1933 0011001111
1934 1011110110
1935 1111010001
1936 1101001111
1937 0110100010
1938 0111011100
1939 0100101110
1940 1111100011
1941 1111001001
1942 1111110110
1943 0100011101
1944 0101000111
1945 0111001011
1946 1110011110
1947 1100101110
1948 1111100011
1949 0111101101
1950 0111001011
1951 0011011000
1952 1010110001
1953 1000011111
1954 1011110011
1955 0010010101
1956 0000101111
1957 0001110000
1958 1011001111
1959 1011110110
1960 1011010001
1961 0001001111
1962 0010100010
1963 0011011100
1964 1000101110
1965 1011100011
1966 1011001001
1967 0111110110
1968 0100011101
1969 0101000111
1970 1111001011
1971 1110011110
1972 1100101110
1973 0111100011
1974 0111101101
1975 0111001011
1976 1111011000
1977 1110110001
1978 1100011111
1979 0111110011
1980 0110010101
1981 0100101111
1982 1101110000
1983 1011001111
1984 1011110110
1985 0011010001
1986 0001001111
1987 0010100010
1988 1011011100
1989 1000101110
1990 1011100011
1991 0011001001
1992 0011110110
1993 0000011101
1994 1001000111
1995 1011001011
1996 1010011110
1997 0000101110
1998 0011100011
1999 0111101101
2000 1111001011
2001 1111011000
2002 1110110001
2003 0100011111
2004 0111110011
2005 0110010101
2006 1100101111
2007 1101110000
2008 1111001111
2009 0111110110
2010 0111010001
2011 0101001111
2012 1110100010
2013 1111011100
2014 1100101110
2015 0011100011
2016 0011001001
2017 0011110110
2018 1000011101
2019 1001000111
2020 1011001011
2021 0010011110
2022 0000101110
2023 0011100011
2024 1011101101
2025 1011001011
2026 1011011000
2027 0010110001
2028 0000011111
2029 0011110011
2030 1010010101
2031 1100101111
2032 1101110000
2033 0111001111
2034 0111110110
2035 0111010001
2036 1101001111
2037 1110100010
2038 1111011100
2039 0100101110
2040 0111100011
2041 0111001001
2042 1111110110
2043 1100011101
2044 1101000111
2045 0111001011
2046 0110011110
2047 0000101110
2048 1011100011
2049 1011101101
2050 1011001011
2051 0011011000
2052 0010110001
2053 0000011111
2054 1011110011
2055 1010010101
2056 1000101111
2057 0001110000
2058 0011001111
2059 0011110110
2060 1011010001
2061 1001001111
2062 1010100010
2063 0111011100
2064 0100101110
2065 0111100011
2066 1111001001
2067 1111110110
2068 1100011101
2069 0101000111
2070 0111001011
2071 0110011110
2072 1100101110
2073 1111100011
2074 1111101101
2075 0111001011
2076 0111011000
2077 0110110001
2078 1100011111
2079 1011110011
2080 1010010101
2081 0000101111
2082 0001110000
2083 0011001111
2084 1011110110
2085 1011010001
2086 1001001111
2087 0010100010
2088 0011011100
2089 0000101110
2090 1011100011
2091 1011001001
2092 1011110110
2093 0000011101
2094 0001000111
2095 0111001011
2096 1110011110
2097 1100101110
2098 1111100011
2099 0111101101
2100 0111001011
2101 0111011000
2102 1110110001
2103 1100011111
2104 1111110011
2105 0110010101
2106 0100101111
2107 0101110000
2108 1111001111
2109 1111110110
2110 1111010001
2111 0001001111
2112 0010100010
2113 0011011100
2114 1000101110
2115 1011100011
2116 1011001001
2117 0011110110
2118 0000011101
2119 0001000111
2120 1011001011
2121 1010011110
2122 1000101110
2123 0011100011
2124 0011101101
2125 0011001011
2126 1011011000
2127 1110110001
2128 1100011111
2129 0111110011
2130 0110010101
2131 0100101111
2132 1101110000
2133 1111001111
2134 1111110110
2135 0111010001
2136 0101001111
2137 0110100010
2138 1111011100
2139 1100101110
2140 1111100011
2141 0111001001
2142 0111110110
2143 0000011101
2144 1001000111
2145 1011001011
2146 1010011110
2147 0000101110
2148 0011100011
2149 0011101101
2150 1011001011
2151 1011011000
2152 1010110001
2153 0000011111
2154 0011110011
2155 0010010101
2156 1000101111
2157 1001110000
2158 1011001111
2159 0111110110
2160 0111010001
2161 0101001111
2162 1110100010
2163 1111011100
2164 1100101110
2165 0111100011
2166 0111001001
2167 0111110110
2168 1100011101
2169 1101000111
2170 1111001011
2171 0110011110
2172 0100101110
2173 0111100011
2174 1111101101
2175 1011001011
2176 1011011000
2177 0010110001
2178 0000011111
2179 0011110011
2180 1010010101
2181 1000101111
2182 1001110000
2183 0011001111
2184 0011110110
2185 0011010001
2186 1001001111
2187 1010100010
2188 1011011100
2189 0000101110
2190 0011100011
2191 0111001001
2192 1111110110
2193 1100011101
2194 1101000111
2195 0111001011
2196 0110011110
2197 0100101110
2198 1111100011
2199 1111101101
2200 1111001011
2201 0111011000
2202 0110110001
2203 0100011111
2204 1111110011
2205 1110010101
2206 1100101111
2207 0001110000
2208 0011001111
2209 0011110110
2210 1011010001
2211 1001001111
2212 1010100010
2213 0011011100
2214 0000101110
2215 0011100011
2216 1011001001
2217 1011110110
2218 1000011101
2219 0001000111
2220 0011001011
2221 0010011110
2222 1000101110
2223 1111100011
2224 1111101101
2225 0111001011
2226 0111011000
2227 0110110001
2228 1100011111
2229 1111110011
2230 1110010101
2231 0100101111
2232 0101110000
2233 0111001111
2234 1111110110
2235 1111010001
2236 1101001111
2237 0110100010
2238 0111011100
2239 0000101110
2240 1011100011
2241 1011001001
2242 1011110110
2243 0000011101
2244 0001000111
2245 0011001011
2246 1010011110
2247 1000101110
2248 1011100011
2249 0011101101
2250 0011001011
2251 0011011000
2252 1010110001
2253 1000011111
2254 1011110011
2255 0110010101
2256 0100101111
2257 0101110000
2258 1111001111
2259 1111110110
2260 1111010001
2261 0101001111
2262 0110100010
2263 0111011100
2264 1100101110
2265 1111100011
2266 1111001001
2267 0111110110
2268 0100011101
2269 0101000111
2270 1111001011
2271 1010011110
2272 1000101110
2273 0011100011
2274 0011101101
2275 0011001011
2276 1011011000
2277 1010110001
2278 1000011111
2279 0011110011
2280 0010010101
2281 0000101111
2282 1001110000
2283 1011001111
2284 1011110110
2285 0011010001
2286 0001001111
2287 0110100010
2288 1111011100
2289 1100101110
2290 1111100011
2291 0111001001
2292 0111110110
2293 0100011101
2294 1101000111
2295 1111001011
2296 1110011110
2297 0100101110
2298 0111100011
2299 0111101101
2300 1111001011
2301 1111011000
2302 1110110001
2303 0000011111
2304 0011110011
2305 0010010101
2306 1000101111
2307 1001110000
2308 1011001111
2309 0011110110
2310 0011010001
2311 0001001111
2312 1010100010
2313 1011011100
2314 1000101110
2315 0011100011
2316 0011001001
2317 0011110110
2318 1000011101
2319 1101000111
2320 1111001011
2321 0110011110
2322 0100101110
2323 0111100011
2324 1111101101
2325 1111001011
2326 1111011000
2327 0110110001
2328 0100011111
2329 0111110011
2330 1110010101
2331 1100101111
2332 1101110000
2333 0111001111
2334 0111110110
2335 0011010001
2336 1001001111
2337 1010100010
2338 1011011100
2339 0000101110
2340 0011100011
2341 0011001001
2342 1011110110
2343 1000011101
2344 1001000111
2345 0011001011
2346 0010011110
2347 0000101110
2348 1011100011
2349 1011101101
2350 1011001011
2351 0111011000
2352 0110110001
2353 0100011111
2354 1111110011
2355 1110010101
2356 1100101111
2357 0101110000
2358 0111001111
2359 0111110110
2360 1111010001
2361 1101001111
2362 1110100010
2363 0111011100
2364 0100101110
2365 0111100011
2366 1111001001
2367 1011110110
2368 1000011101
2369 0001000111
2370 0011001011
2371 0010011110
2372 1000101110
2373 1011100011
2374 1011101101
2375 0011001011
2376 0011011000
2377 0010110001
2378 1000011111
2379 1011110011
2380 1010010101
2381 0000101111
2382 0001110000
2383 0111001111
2384 1111110110
2385 1111010001
2386 1101001111
2387 0110100010
2388 0111011100
2389 0100101110
2390 1111100011
2391 1111001001
2392 1111110110
2393 0100011101
2394 0101000111
2395 0111001011
2396 1110011110
2397 1100101110
2398 1111100011
2399 0011101101
2400 0011001011
2401 0011011000
2402 1010110001
2403 1000011111
2404 1011110011
2405 0010010101
2406 0000101111
2407 0001110000
2408 1011001111
2409 1011110110
2410 1011010001
2411 0001001111
2412 0010100010
2413 0011011100
2414 1000101110
2415 1111100011
2416 1111001001
2417 0111110110
2418 0100011101
2419 0101000111
2420 1111001011
2421 1110011110
2422 1100101110
2423 0111100011
2424 0111101101
2425 0111001011
2426 1111011000
2427 1110110001
2428 1100011111
2429 0111110011
2430 0110010101
2431 0000101111
2432 1001110000
2433 1011001111
2434 1011110110
2435 0011010001
2436 0001001111
2437 0010100010
2438 1011011100
2439 1000101110
2440 1011100011
2441 0011001001
2442 0011110110
2443 0000011101
2444 1001000111
2445 1011001011
2446 1010011110
2447 0100101110
2448 0111100011
2449 0111101101
2450 1111001011
2451 1111011000
2452 1110110001
2453 0100011111
2454 0111110011
2455 0110010101
2456 1100101111
2457 1101110000
2458 1111001111
2459 0111110110
2460 0111010001
2461 0101001111
2462 1110100010
2463 1011011100
2464 1000101110
2465 0011100011
2466 0011001001
2467 0011110110
2468 1000011101
2469 1001000111
2470 1011001011
2471 0010011110
2472 0000101110
2473 0011100011
2474 1011101101
2475 1011001011
2476 1011011000
2477 0010110001
2478 0000011111
2479 0111110011
2480 1110010101
2481 1100101111
2482 1101110000
2483 0111001111
2484 0111110110
2485 0111010001
2486 1101001111
2487 1110100010
2488 1111011100
2489 0100101110
2490 0111100011
2491 0111001001
2492 1111110110
2493 1100011101
2494 1101000111
2495 0011001011
2496 0010011110
2497 0000101110
2498 1011100011
2499 1011101101
2500 1011001011
2501 0011011000
2502 0010110001
2503 0000011111
2504 1011110011
2505 1010010101
2506 1000101111
2507 0001110000
2508 0011001111
2509 0011110110
2510 1011010001
2511 1101001111
2512 1110100010
2513 0111011100
2514 0100101110
2515 0111100011
2516 1111001001
2517 1111110110
2518 1100011101
2519 0101000111
2520 0111001011
2521 0110011110
2522 1100101110
2523 1111100011
2524 1111101101
2525 0111001011
2526 0111011000
2527 0010110001
2528 1000011111
2529 1011110011
2530 1010010101
2531 0000101111
2532 0001110000
2533 0011001111
2534 1011110110
2535 1011010001
2536 1001001111
2537 0010100010
2538 0011011100
2539 0000101110
2540 1011100011
2541 1011001001
2542 1011110110
2543 0100011101
2544 0101000111
2545 0111001011
2546 1110011110
2547 1100101110
2548 1111100011
2549 0111101101
2550 0111001011
2551 0111011000
2552 1110110001
2553 1100011111
2554 1111110011
2555 0110010101
2556 0100101111
2557 0101110000
2558 1111001111
2559 1011110110
2560 1011010001
2561 0001001111
2562 0010100010
2563 0011011100
2564 1000101110
2565 1011100011
2566 1011001001
2567 0011110110
2568 0000011101
2569 0001000111
2570 1011001011
2571 1010011110
2572 1000101110
2573 0011100011
2574 0011101101
2575 0111001011
2576 1111011000
2577 1110110001
2578 1100011111
2579 0111110011
2580 0110010101
2581 0100101111
2582 1101110000
2583 1111001111
2584 1111110110
2585 0111010001
2586 0101001111
2587 0110100010
2588 1111011100
2589 1100101110
2590 1111100011
2591 0011001001
2592 0011110110
2593 0000011101
2594 1001000111
2595 1011001011
2596 1010011110
2597 0000101110
2598 0011100011
2599 0011101101
2600 1011001011
2601 1011011000
2602 1010110001
2603 0000011111
2604 0011110011
2605 0010010101
2606 1000101111
2607 1101110000
2608 1111001111
2609 0111110110
2610 0111010001
2611 0101001111
2612 1110100010
2613 1111011100
2614 1100101110
2615 0111100011
2616 0111001001
2617 0111110110
2618 1100011101
2619 1101000111
2620 1111001011
2621 0110011110
2622 0100101110
2623 0011100011
2624 1011101101
2625 1011001011
2626 1011011000
2627 0010110001
2628 0000011111
2629 0011110011
2630 1010010101
2631 1000101111
2632 1001110000
2633 0011001111
2634 0011110110
2635 0011010001
2636 1001001111
2637 1010100010
2638 1011011100
2639 0100101110
2640 0111100011
2641 0111001001
2642 1111110110
2643 1100011101
2644 1101000111
2645 0111001011
2646 0110011110
2647 0100101110
2648 1111100011
2649 1111101101
2650 1111001011
2651 0111011000
2652 0110110001
2653 0100011111
2654 1111110011
2655 1010010101
2656 1000101111
2657 0001110000
2658 0011001111
2659 0011110110
2660 1011010001
2661 1001001111
2662 1010100010
2663 0011011100
2664 0000101110
2665 0011100011
2666 1011001001
2667 1011110110
2668 1000011101
2669 0001000111
2670 0011001011
2671 0110011110
2672 1100101110
2673 1111100011
2674 1111101101
2675 0111001011
2676 0111011000
2677 0110110001
2678 1100011111
2679 1111110011
2680 1110010101
2681 0100101111
2682 0101110000
2683 0111001111
2684 1111110110
2685 1111010001
2686 1101001111
2687 0010100010
2688 0011011100
2689 0000101110
2690 1011100011
2691 1011001001
2692 1011110110
2693 0000011101
2694 0001000111
2695 0011001011
2696 1010011110
2697 1000101110
2698 1011100011
2699 0011101101
2700 0011001011
2701 0011011000
2702 1010110001
2703 1100011111
2704 1111110011
2705 0110010101
2706 0100101111
2707 0101110000
2708 1111001111
2709 1111110110
2710 1111010001
2711 0101001111
2712 0110100010
2713 0111011100
2714 1100101110
2715 1111100011
2716 1111001001
2717 0111110110
2718 0100011101
2719 0001000111
2720 1011001011
2721 1010011110
2722 1000101110
2723 0011100011
2724 0011101101
2725 0011001011
2726 1011011000
2727 1010110001
2728 1000011111
2729 0011110011
2730 0010010101
2731 0000101111
2732 1001110000
2733 1011001111
2734 1011110110
2735 0111010001
2736 0101001111
2737 0110100010
2738 1111011100
2739 1100101110
2740 1111100011
2741 0111001001
2742 0111110110
2743 0100011101
2744 1101000111
2745 1111001011
2746 1110011110
2747 0100101110
2748 0111100011
2749 0111101101
2750 1111001011
2751 1011011000
2752 1010110001
2753 0000011111
2754 0011110011
2755 0010010101
2756 1000101111
2757 1001110000
2758 1011001111
2759 0011110110
2760 0011010001
2761 0001001111
2762 1010100010
2763 1011011100
2764 1000101110
2765 0011100011
2766 0011001001
2767 0111110110
2768 1100011101
2769 1101000111
2770 1111001011
2771 0110011110
2772 0100101110
2773 0111100011
2774 1111101101
2775 1111001011
2776 1111011000
2777 0110110001
2778 0100011111
2779 0111110011
2780 1110010101
2781 1100101111
2782 1101110000
2783 0011001111
2784 0011110110
2785 0011010001
2786 1001001111
2787 1010100010
2788 1011011100
2789 0000101110
2790 0011100011
2791 0011001001
2792 1011110110
2793 1000011101
2794 1001000111
2795 0011001011
2796 0010011110
2797 0000101110
2798 1011100011
2799 1111101101
2800 1111001011
2801 0111011000
2802 0110110001
2803 0100011111
2804 1111110011
2805 1110010101
2806 1100101111
2807 0101110000
2808 0111001111
2809 0111110110
2810 1111010001
2811 1101001111
2812 1110100010
2813 0111011100
2814 0100101110
2815 0011100011
2816 1011001001
2817 1011110110
2818 1000011101
2819 0001000111
2820 0011001011
2821 0010011110
2822 1000101110
2823 1011100011
2824 1011101101
2825 0011001011
2826 0011011000
2827 0010110001
2828 1000011111
2829 1011110011
2830 1010010101
2831 0100101111
2832 0101110000
2833 0111001111
2834 1111110110
2835 1111010001
2836 1101001111
2837 0110100010
2838 0111011100
2839 0100101110
2840 1111100011
2841 1111001001
2842 1111110110
2843 0100011101
2844 0101000111
2845 0111001011
2846 1110011110
2847 1000101110
2848 1011100011
2849 0011101101
2850 0011001011
2851 0011011000
2852 1010110001
2853 1000011111
2854 1011110011
2855 0010010101
2856 0000101111
2857 0001110000
2858 1011001111
2859 1011110110
2860 1011010001
2861 0001001111
2862 0010100010
2863 0111011100
2864 1100101110
2865 1111100011
2866 1111001001
2867 0111110110
2868 0100011101
2869 0101000111
2870 1111001011
2871 1110011110
2872 1100101110
2873 0111100011
2874 0111101101
2875 0111001011
2876 1111011000
2877 1110110001
2878 1100011111
2879 0011110011
2880 0010010101
2881 0000101111
2882 1001110000
2883 1011001111
2884 1011110110
2885 0011010001
2886 0001001111
2887 0010100010
2888 1011011100
2889 1000101110
2890 1011100011
2891 0011001001
2892 0011110110
2893 0000011101
2894 1001000111
2895 1111001011
2896 1110011110
2897 0100101110
2898 0111100011
2899 0111101101
2900 1111001011
2901 1111011000
2902 1110110001
2903 0100011111
2904 0111110011
2905 0110010101
2906 1100101111
2907 1101110000
2908 1111001111
2909 0111110110
2910 0111010001
2911 0001001111
2912 1010100010
2913 1011011100
2914 1000101110
2915 0011100011
2916 0011001001
2917 0011110110
2918 1000011101
2919 1001000111
2920 1011001011
2921 0010011110
2922 0000101110
2923 0011100011
2924 1011101101
2925 1011001011
2926 1011011000
2927 0110110001
2928 0100011111
2929 0111110011
2930 1110010101
2931 1100101111
2932 1101110000
2933 0111001111
2934 0111110110
2935 0111010001
2936 1101001111
2937 1110100010
2938 1111011100
2939 0100101110
2940 0111100011
2941 0111001001
2942 1111110110
2943 1000011101
2944 1001000111
2945 0011001011
2946 0010011110
2947 0000101110
2948 1011100011
2949 1011101101
2950 1011001011
2951 0011011000
2952 0010110001
2953 0000011111
2954 1011110011
2955 1010010101
2956 1000101111
2957 0001110000
2958 0011001111
2959 0111110110
2960 1111010001
2961 1101001111
2962 1110100010
2963 0111011100
2964 0100101110
2965 0111100011
2966 1111001001
2967 1111110110
2968 1100011101
2969 0101000111
2970 0111001011
2971 0110011110
2972 1100101110
2973 1111100011
2974 1111101101
2975 0011001011
2976 0011011000
2977 0010110001
2978 1000011111
2979 1011110011
2980 1010010101
2981 0000101111
2982 0001110000
2983 0011001111
2984 1011110110
2985 1011010001
2986 1001001111
2987 0010100010
2988 0011011100
2989 0000101110
2990 1011100011
2991 1111001001
2992 1111110110
2993 0100011101
2994 0101000111
2995 0111001011
2996 1110011110
2997 1100101110
2998 1111100011
2999 0111101101
3000 0111001011
3001 0111011000
3002 1110110001
3003 1100011111
3004 1111110011
3005 0110010101
3006 0100101111
3007 0001110000
3008 1011001111
3009 1011110110
3010 1011010001
3011 0001001111
3012 0010100010
3013 0011011100
3014 1000101110
3015 1011100011
3016 1011001001
3017 0011110110
3018 0000011101
3019 0001000111
3020 1011001011
3021 1010011110
3022 1000101110
3023 0111100011
3024 0111101101
3025 0111001011
3026 1111011000
3027 1110110001
3028 1100011111
3029 0111110011
3030 0110010101
3031 0100101111
3032 1101110000
3033 1111001111
3034 1111110110
3035 0111010001
3036 0101001111
3037 0110100010
3038 1111011100
3039 1000101110
3040 1011100011
3041 0011001001
3042 0011110110
3043 0000011101
3044 1001000111
3045 1011001011
3046 1010011110
3047 0000101110
3048 0011100011
3049 0011101101
3050 1011001011
3051 1011011000
3052 1010110001
3053 0000011111
3054 0011110011
3055 0110010101
3056 1100101111
3057 1101110000
3058 1111001111
3059 0111110110
3060 0111010001
3061 0101001111
3062 1110100010
3063 1111011100
3064 1100101110
3065 0111100011
3066 0111001001
3067 0111110110
3068 1100011101
3069 1101000111
3070 1111001011
3071 0010011110
3072 0000101110
3073 0011100011
3074 1011101101
3075 1011001011
3076 1011011000
3077 0010110001
3078 0000011111
3079 0011110011
3080 1010010101
3081 1000101111
3082 1001110000
3083 0011001111
3084 0011110110
3085 0011010001
3086 1001001111
3087 1110100010
3088 1111011100
3089 0100101110
3090 0111100011
3091 0111001001
3092 1111110110
3093 1100011101
3094 1101000111
3095 0111001011
3096 0110011110
3097 0100101110
3098 1111100011
3099 1111101101
3100 1111001011
3101 0111011000
3102 0110110001
3103 0000011111
3104 1011110011
3105 1010010101
3106 1000101111
3107 0001110000
3108 0011001111
3109 0011110110
3110 1011010001
3111 1001001111
3112 1010100010
3113 0011011100
3114 0000101110
3115 0011100011
3116 1011001001
3117 1011110110
3118 1000011101
3119 0101000111
3120 0111001011
3121 0110011110
3122 1100101110
3123 1111100011
3124 1111101101
3125 0111001011
3126 0111011000
3127 0110110001
3128 1100011111
3129 1111110011
3130 1110010101
3131 0100101111
3132 0101110000
3133 0111001111
3134 1111110110
3135 1011010001
3136 1001001111
3137 0010100010
3138 0011011100
3139 0000101110
3140 1011100011
3141 1011001001
3142 1011110110
3143 0000011101
3144 0001000111
3145 0011001011
3146 1010011110
3147 1000101110
3148 1011100011
3149 0011101101
3150 0011001011
3151 0111011000
3152 1110110001
3153 1100011111
3154 1111110011
3155 0110010101
3156 0100101111
3157 0101110000
3158 1111001111
3159 1111110110
3160 1111010001
3161 0101001111
3162 0110100010
3163 0111011100
3164 1100101110
3165 1111100011
3166 1111001001
3167 0011110110
3168 0000011101
3169 0001000111
3170 1011001011
3171 1010011110
3172 1000101110
3173 0011100011
3174 0011101101
3175 0011001011
3176 1011011000
3177 1010110001
3178 1000011111
3179 0011110011
3180 0010010101
3181 0000101111
3182 1001110000
3183 1111001111
3184 1111110110
3185 0111010001
3186 0101001111
3187 0110100010
3188 1111011100
3189 1100101110
3190 1111100011
3191 0111001001
3192 0111110110
3193 0100011101
3194 1101000111
3195 1111001011
3196 1110011110
3197 0100101110
3198 0111100011
3199 0011101101
3200 1011001011
3201 1011011000
3202 1010110001
3203 0000011111
3204 0011110011
3205 0010010101
3206 1000101111
3207 1001110000
3208 1011001111
3209 0011110110
3210 0011010001
3211 0001001111
3212 1010100010
3213 1011011100
3214 1000101110
3215 0111100011
3216 0111001001
3217 0111110110
3218 1100011101
3219 1101000111
3220 1111001011
3221 0110011110
3222 0100101110
3223 0111100011
3224 1111101101
3225 1111001011
3226 1111011000
3227 0110110001
3228 0100011111
3229 0111110011
3230 1110010101
3231 1000101111
3232 1001110000
3233 0011001111
3234 0011110110
3235 0011010001
3236 1001001111
3237 1010100010
3238 1011011100
3239 0000101110
3240 0011100011
3241 0011001001
3242 1011110110
3243 1000011101
3244 1001000111
3245 0011001011
3246 0010011110
3247 0100101110
3248 1111100011
3249 1111101101
3250 1111001011
3251 0111011000
3252 0110110001
3253 0100011111
3254 1111110011
3255 1110010101
3256 1100101111
3257 0101110000
3258 0111001111
3259 0111110110
3260 1111010001
3261 1101001111
3262 1110100010
3263 0011011100
3264 0000101110
3265 0011100011
3266 1011001001
3267 1011110110
3268 1000011101
3269 0001000111
3270 0011001011
3271 0010011110
3272 1000101110
3273 1011100011
3274 1011101101
3275 0011001011
3276 0011011000
3277 0010110001
3278 1000011111
3279 1111110011
3280 1110010101
3281 0100101111
3282 0101110000
3283 0111001111
3284 1111110110
3285 1111010001
3286 1101001111
3287 0110100010
3288 0111011100
3289 0100101110
3290 1111100011
3291 1111001001
3292 1111110110
3293 0100011101
3294 0101000111
3295 0011001011
3296 1010011110
3297 1000101110
3298 1011100011
3299 0011101101
3300 0011001011
3301 0011011000
3302 1010110001
3303 1000011111
3304 1011110011
3305 0010010101
3306 0000101111
3307 0001110000
3308 1011001111
3309 1011110110
3310 1011010001
3311 0101001111
3312 0110100010
3313 0111011100
3314 1100101110
3315 1111100011
3316 1111001001
3317 0111110110
3318 0100011101
3319 0101000111
3320 1111001011
3321 1110011110
3322 1100101110
3323 0111100011
3324 0111101101
3325 0111001011
3326 1111011000
3327 1010110001
3328 1000011111
3329 0011110011
3330 0010010101
3331 0000101111
3332 1001110000
3333 1011001111
3334 1011110110
3335 0011010001
3336 0001001111
3337 0010100010
3338 1011011100
3339 1000101110
3340 1011100011
3341 0011001001
3342 0011110110
3343 0100011101
3344 1101000111
3345 1111001011
3346 1110011110
3347 0100101110
3348 0111100011
3349 0111101101
3350 1111001011
3351 1111011000
3352 1110110001
3353 0100011111
3354 0111110011
3355 0110010101
3356 1100101111
3357 1101110000
3358 1111001111
3359 0011110110
3360 0011010001
3361 0001001111
3362 1010100010
3363 1011011100
3364 1000101110
3365 0011100011
3366 0011001001
3367 0011110110
3368 1000011101
3369 1001000111
3370 1011001011
3371 0010011110
3372 0000101110
3373 0011100011
3374 1011101101
3375 1111001011
3376 1111011000
3377 0110110001
3378 0100011111
3379 0111110011
3380 1110010101
3381 1100101111
3382 1101110000
3383 0111001111
3384 0111110110
3385 0111010001
3386 1101001111
3387 1110100010
3388 1111011100
3389 0100101110
3390 0111100011
3391 0011001001
3392 1011110110
3393 1000011101
3394 1001000111
3395 0011001011
3396 0010011110
3397 0000101110
3398 1011100011
3399 1011101101
3400 1011001011
3401 0011011000
3402 0010110001
3403 0000011111
3404 1011110011
3405 1010010101
3406 1000101111
3407 0101110000
3408 0111001111
3409 0111110110
3410 1111010001
3411 1101001111
3412 1110100010
3413 0111011100
3414 0100101110
3415 0111100011
3416 1111001001
3417 1111110110
3418 1100011101
3419 0101000111
3420 0111001011
3421 0110011110
3422 1100101110
3423 1011100011
3424 1011101101
3425 0011001011
3426 0011011000
3427 0010110001
3428 1000011111
3429 1011110011
3430 1010010101
3431 0000101111
3432 0001110000
3433 0011001111
3434 1011110110
3435 1011010001
3436 1001001111
3437 0010100010
3438 0011011100
3439 0100101110
3440 1111100011
3441 1111001001
3442 1111110110
3443 0100011101
3444 0101000111
3445 0111001011
3446 1110011110
3447 1100101110
3448 1111100011
3449 0111101101
3450 0111001011
3451 0111011000
3452 1110110001
3453 1100011111
3454 1111110011
3455 0010010101
3456 0000101111
3457 0001110000
3458 1011001111
3459 1011110110
3460 1011010001
3461 0001001111
3462 0010100010
3463 0011011100
3464 1000101110
3465 1011100011
3466 1011001001
3467 0011110110
3468 0000011101
3469 0001000111
3470 1011001011
3471 1110011110
3472 1100101110
3473 0111100011
3474 0111101101
3475 0111001011
3476 1111011000
3477 1110110001
3478 1100011111
3479 0111110011
3480 0110010101
3481 0100101111
3482 1101110000
3483 1111001111
3484 1111110110
3485 0111010001
3486 0101001111
3487 0010100010
3488 1011011100
3489 1000101110
3490 1011100011
3491 0011001001
3492 0011110110
3493 0000011101
3494 1001000111
3495 1011001011
3496 1010011110
3497 0000101110
3498 0011100011
3499 0011101101
3500 1011001011
3501 1011011000
3502 1010110001
3503 0100011111
3504 0111110011
3505 0110010101
3506 1100101111
3507 1101110000
3508 1111001111
3509 0111110110
3510 0111010001
3511 0101001111
3512 1110100010
3513 1111011100
3514 1100101110
3515 0111100011
3516 0111001001
3517 0111110110
3518 1100011101
3519 1001000111
3520 1011001011
3521 0010011110
3522 0000101110
3523 0011100011
3524 1011101101
3525 1011001011
3526 1011011000
3527 0010110001
3528 0000011111
3529 0011110011
3530 1010010101
3531 1000101111
3532 1001110000
3533 0011001111
3534 0011110110
3535 0111010001
3536 1101001111
3537 1110100010
3538 1111011100
3539 0100101110
3540 0111100011
3541 0111001001
3542 1111110110
3543 1100011101
3544 1101000111
3545 0111001011
3546 0110011110
3547 0100101110
3548 1111100011
3549 1111101101
3550 1111001011
3551 0011011000
3552 0010110001
3553 0000011111
3554 1011110011
3555 1010010101
3556 1000101111
3557 0001110000
3558 0011001111
3559 0011110110
3560 1011010001
3561 1001001111
3562 1010100010
3563 0011011100
3564 0000101110
3565 0011100011
3566 1011001001
3567 1111110110
3568 1100011101
3569 0101000111
3570 0111001011
3571 0110011110
3572 1100101110
3573 1111100011
3574 1111101101
3575 0111001011
3576 0111011000
3577 0110110001
3578 1100011111
3579 1111110011
3580 1110010101
3581 0100101111
3582 0101110000
3583 0011001111
3584 1011110110
3585 1011010001
3586 1001001111
3587 0010100010
3588 0011011100
3589 0000101110
3590 1011100011
3591 1011001001
3592 1011110110
3593 0000011101
3594 0001000111
3595 0011001011
3596 1010011110
3597 1000101110
3598 1011100011
3599 0111101101
3600 0111001011
3601 0111011000
3602 1110110001
3603 1100011111
3604 1111110011
3605 0110010101
3606 0100101111
3607 0101110000
3608 1111001111
3609 1111110110
3610 1111010001
3611 0101001111
3612 0110100010
3613 0111011100
3614 1100101110
3615 1011100011
3616 1011001001
3617 0011110110
3618 0000011101
3619 0001000111
3620 1011001011
3621 1010011110
3622 1000101110
3623 0011100011
3624 0011101101
3625 0011001011
3626 1011011000
3627 1010110001
3628 1000011111
3629 0011110011
3630 0010010101
3631 0100101111
3632 1101110000
3633 1111001111
3634 1111110110
3635 0111010001
3636 0101001111
3637 0110100010
3638 1111011100
3639 1100101110
3640 1111100011
3641 0111001001
3642 0111110110
3643 0100011101
3644 1101000111
3645 1111001011
3646 1110011110
3647 0000101110
3648 0011100011
3649 0011101101
3650 1011001011
3651 1011011000
3652 1010110001
3653 0000011111
3654 0011110011
3655 0010010101
3656 1000101111
3657 1001110000
3658 1011001111
3659 0011110110
3660 0011010001
3661 0001001111
3662 1010100010
3663 1111011100
3664 1100101110
3665 0111100011
3666 0111001001
3667 0111110110
3668 1100011101
3669 1101000111
3670 1111001011
3671 0110011110
3672 0100101110
3673 0111100011
3674 1111101101
3675 1111001011
3676 1111011000
3677 0110110001
3678 0100011111
3679 0011110011
3680 1010010101
3681 1000101111
3682 1001110000
3683 0011001111
3684 0011110110
3685 0011010001
3686 1001001111
3687 1010100010
3688 1011011100
3689 0000101110
3690 0011100011
3691 0011001001
3692 1011110110
3693 1000011101
3694 1001000111
3695 0111001011
3696 0110011110
3697 0100101110
3698 1111100011
3699 1111101101
3700 1111001011
3701 0111011000
3702 0110110001
3703 0100011111
3704 1111110011
3705 1110010101
3706 1100101111
3707 0101110000
3708 0111001111
3709 0111110110
3710 1111010001
3711 1001001111
3712 1010100010
3713 0011011100
3714 0000101110
3715 0011100011
3716 1011001001
3717 1011110110
3718 1000011101
3719 0001000111
3720 0011001011
3721 0010011110
3722 1000101110
3723 1011100011
3724 1011101101
3725 0011001011
3726 0011011000
3727 0110110001
3728 1100011111
3729 1111110011
3730 1110010101
3731 0100101111
3732 0101110000
3733 0111001111
3734 1111110110
3735 1111010001
3736 1101001111
3737 0110100010
3738 0111011100
3739 0100101110
3740 1111100011
3741 1111001001
3742 1111110110
3743 0000011101
3744 0001000111
3745 0011001011
3746 1010011110
3747 1000101110
3748 1011100011
3749 0011101101
3750 0011001011
3751 0011011000
3752 1010110001
3753 1000011111
3754 1011110011
3755 0010010101
3756 0000101111
3757 0001110000
3758 1011001111
3759 1111110110
3760 1111010001
3761 0101001111
3762 0110100010
3763 0111011100
3764 1100101110
3765 1111100011
3766 1111001001
3767 0111110110
3768 0100011101
3769 0101000111
3770 1111001011
3771 1110011110
3772 1100101110
3773 0111100011
3774 0111101101
3775 0011001011
3776 1011011000
3777 1010110001
3778 1000011111
3779 0011110011
3780 0010010101
3781 0000101111
3782 1001110000
3783 1011001111
3784 1011110110
3785 0011010001
3786 0001001111
3787 0010100010
3788 1011011100
3789 1000101110
3790 1011100011
3791 0111001001
3792 0111110110
3793 0100011101
3794 1101000111
3795 1111001011
3796 1110011110
3797 0100101110
3798 0111100011
3799 0111101101
3800 1111001011
3801 1111011000
3802 1110110001
3803 0100011111
3804 0111110011
3805 0110010101
3806 1100101111
3807 1001110000
3808 1011001111
3809 0011110110
3810 0011010001
3811 0001001111
3812 1010100010
3813 1011011100
3814 1000101110
3815 0011100011
3816 0011001001
3817 0011110110
3818 1000011101
3819 1001000111
3820 1011001011
3821 0010011110
3822 0000101110
3823 0111100011
3824 1111101101
3825 1111001011
3826 1111011000
3827 0110110001
3828 0100011111
3829 0111110011
3830 1110010101
3831 1100101111
3832 1101110000
3833 0111001111
3834 0111110110
3835 0111010001
3836 1101001111
3837 1110100010
3838 1111011100
3839 0000101110
3840 0011100011
3841 0011001001
3842 1011110110
3843 1000011101
3844 1001000111
3845 0011001011
3846 0010011110
3847 0000101110
3848 1011100011
3849 1011101101
3850 1011001011
3851 0011011000
3852 0010110001
3853 0000011111
3854 1011110011
3855 1110010101
3856 1100101111
3857 0101110000
3858 0111001111
3859 0111110110
3860 1111010001
3861 1101001111
3862 1110100010
3863 0111011100
3864 0100101110
3865 0111100011
3866 1111001001
3867 1111110110
3868 1100011101
3869 0101000111
3870 0111001011
3871 0010011110
3872 1000101110
3873 1011100011
3874 1011101101
3875 0011001011
3876 0011011000
3877 0010110001
3878 1000011111
3879 1011110011
3880 1010010101
3881 0000101111
3882 0001110000
3883 0011001111
3884 1011110110
3885 1011010001
3886 1001001111
3887 0110100010
3888 0111011100
3889 0100101110
3890 1111100011
3891 1111001001
3892 1111110110
3893 0100011101
3894 0101000111
3895 0111001011
3896 1110011110
3897 1100101110
3898 1111100011
3899 0111101101
3900 0111001011
3901 0111011000
3902 1110110001
3903 1000011111
3904 1011110011
3905 0010010101
3906 0000101111
3907 0001110000
3908 1011001111
3909 1011110110
3910 1011010001
3911 0001001111
3912 0010100010
3913 0011011100
3914 1000101110
3915 1011100011
3916 1011001001
3917 0011110110
3918 0000011101
3919 0101000111
3920 1111001011
3921 1110011110
3922 1100101110
3923 0111100011
3924 0111101101
3925 0111001011
3926 1111011000
3927 1110110001
3928 1100011111
3929 0111110011
3930 0110010101
3931 0100101111
3932 1101110000
3933 1111001111
3934 1111110110
3935 0011010001
3936 0001001111
3937 0010100010
3938 1011011100
3939 1000101110
3940 1011100011
3941 0011001001
3942 0011110110
3943 0000011101
3944 1001000111
3945 1011001011
3946 1010011110
3947 0000101110
3948 0011100011
3949 0011101101
3950 1011001011
3951 1111011000
3952 1110110001
3953 0100011111
3954 0111110011
3955 0110010101
3956 1100101111
3957 1101110000
3958 1111001111
3959 0111110110
3960 0111010001
3961 0101001111
3962 1110100010
3963 1111011100
3964 1100101110
3965 0111100011
3966 0111001001
3967 0011110110
3968 1000011101
3969 1001000111
3970 1011001011
3971 0010011110
3972 0000101110
3973 0011100011
3974 1011101101
3975 1011001011
3976 1011011000
3977 0010110001
3978 0000011111
3979 0011110011
3980 1010010101
3981 1000101111
3982 1001110000
3983 0111001111
3984 0111110110
3985 0111010001
3986 1101001111
3987 1110100010
3988 1111011100
3989 0100101110
3990 0111100011
3991 0111001001
3992 1111110110
3993 1100011101
3994 1101000111
3995 0111001011
3996 0110011110
3997 0100101110
3998 1111100011
3999 1011101101
tb.v:31: $finish called at 40000000 (1ps)
