# cyc cib25 cib39 pa11 pb13 pa15 tx20 tx22 tx9 tx4c pc20
0 0000000000
1 0000000000
2 1000000000
3 1000000000
4 1001010000
5 0000001001
6 0000010010
7 0010000001
8 1000000110
9 1010100000
10 1001000100
11 0000101000
12 0001010000
13 0000001001
14 1000010010
15 1110000001
16 1100000110
17 0110100000
18 0101000100
19 0100101000
20 1101010000
21 1100001001
22 1100010010
23 0110000001
24 0100000110
25 0110100000
26 1101000100
27 1100101000
28 1101010000
29 0100001001
30 0100010010
31 0010000001
32 1000000110
33 1010100000
34 1001000100
35 0000101000
36 0001010000
37 0000001001
38 1000010010
39 1010000001
40 1000000110
41 0010100000
42 0001000100
43 0000101000
44 1001010000
45 1000001001
46 1000010010
47 0110000001
48 0100000110
49 0110100000
50 1101000100
51 1100101000
52 1101010000
53 0100001001
54 0100010010
55 0110000001
56 1100000110
57 1110100000
58 1101000100
59 0100101000
60 0101010000
61 0100001001
62 1100010010
63 1010000001
64 1000000110
65 0010100000
66 0001000100
67 0000101000
68 1001010000
69 1000001001
70 1000010010
71 0010000001
72 0000000110
73 0010100000
74 1001000100
75 1000101000
76 1001010000
77 0000001001
78 0000010010
79 0110000001
80 1100000110
81 1110100000
82 1101000100
83 0100101000
84 0101010000
85 0100001001
86 1100010010
87 1110000001
88 1100000110
89 0110100000
90 0101000100
91 0100101000
92 1101010000
93 1100001001
94 1100010010
95 0010000001
96 0000000110
97 0010100000
98 1001000100
99 1000101000
100 1001010000
101 0000001001
102 0000010010
103 0010000001
104 1000000110
105 1010100000
106 1001000100
107 0000101000
108 0001010000
109 0000001001
110 1000010010
111 1110000001
112 1100000110
113 0110100000
114 0101000100
115 0100101000
116 1101010000
117 1100001001
118 1100010010
119 0110000001
120 0100000110
121 0110100000
122 1101000100
123 1100101000
124 1101010000
125 0100001001
126 0100010010
127 0010000001
128 1000000110
129 1010100000
130 1001000100
131 0000101000
132 0001010000
133 0000001001
134 1000010010
135 1010000001
136 1000000110
137 0010100000
138 0001000100
139 0000101000
140 1001010000
141 1000001001
142 1000010010
143 0110000001
144 0100000110
145 0110100000
146 1101000100
147 1100101000
148 1101010000
149 0100001001
150 0100010010
151 0110000001
152 1100000110
153 1110100000
154 1101000100
155 0100101000
156 0101010000
157 0100001001
158 1100010010
159 1010000001
160 1000000110
161 0010100000
162 0001000100
163 0000101000
164 1001010000
165 1000001001
166 1000010010
167 0010000001
168 0000000110
169 0010100000
170 1001000100
171 1000101000
172 1001010000
173 0000001001
174 0000010010
175 0110000001
176 1100000110
177 1110100000
178 1101000100
179 0100101000
180 0101010000
181 0100001001
182 1100010010
183 1110000001
184 1100000110
185 0110100000
186 0101000100
187 0100101000
188 1101010000
189 1100001001
190 1100010010
191 0010000001
192 0000000110
193 0010100000
194 1001000100
195 1000101000
196 1001010000
197 0000001001
198 0000010010
199 0010000001
200 1000000110
201 1010100000
202 1001000100
203 0000101000
204 0001010000
205 0000001001
206 1000010010
207 1110000001
208 1100000110
209 0110100000
210 0101000100
211 0100101000
212 1101010000
213 1100001001
214 1100010010
215 0110000001
216 0100000110
217 0110100000
218 1101000100
219 1100101000
220 1101010000
221 0100001001
222 0100010010
223 0010000001
224 1000000110
225 1010100000
226 1001000100
227 0000101000
228 0001010000
229 0000001001
230 1000010010
231 1010000001
232 1000000110
233 0010100000
234 0001000100
235 0000101000
236 1001010000
237 1000001001
238 1000010010
239 0110000001
240 0100000110
241 0110100000
242 1101000100
243 1100101000
244 1101010000
245 0100001001
246 0100010010
247 0110000001
248 1100000110
249 1110100000
250 1101000100
251 0100101000
252 0101010000
253 0100001001
254 1100010010
255 1010000001
256 1000000110
257 0010100000
258 0001000100
259 0000101000
260 1001010000
261 1000001001
262 1000010010
263 0010000001
264 0000000110
265 0010100000
266 1001000100
267 1000101000
268 1001010000
269 0000001001
270 0000010010
271 0110000001
272 1100000110
273 1110100000
274 1101000100
275 0100101000
276 0101010000
277 0100001001
278 1100010010
279 1110000001
280 1100000110
281 0110100000
282 0101000100
283 0100101000
284 1101010000
285 1100001001
286 1100010010
287 0010000001
288 0000000110
289 0010100000
290 1001000100
291 1000101000
292 1001010000
293 0000001001
294 0000010010
295 0010000001
296 1000000110
297 1010100000
298 1001000100
299 0000101000
300 0001010000
301 0000001001
302 1000010010
303 1110000001
304 1100000110
305 0110100000
306 0101000100
307 0100101000
308 1101010000
309 1100001001
310 1100010010
311 0110000001
312 0100000110
313 0110100000
314 1101000100
315 1100101000
316 1101010000
317 0100001001
318 0100010010
319 0010000001
320 1000000110
321 1010100000
322 1001000100
323 0000101000
324 0001010000
325 0000001001
326 1000010010
327 1010000001
328 1000000110
329 0010100000
330 0001000100
331 0000101000
332 1001010000
333 1000001001
334 1000010010
335 0110000001
336 0100000110
337 0110100000
338 1101000100
339 1100101000
340 1101010000
341 0100001001
342 0100010010
343 0110000001
344 1100000110
345 1110100000
346 1101000100
347 0100101000
348 0101010000
349 0100001001
350 1100010010
351 1010000001
352 1000000110
353 0010100000
354 0001000100
355 0000101000
356 1001010000
357 1000001001
358 1000010010
359 0010000001
360 0000000110
361 0010100000
362 1001000100
363 1000101000
364 1001010000
365 0000001001
366 0000010010
367 0110000001
368 1100000110
369 1110100000
370 1101000100
371 0100101000
372 0101010000
373 0100001001
374 1100010010
375 1110000001
376 1100000110
377 0110100000
378 0101000100
379 0100101000
380 1101010000
381 1100001001
382 1100010010
383 0010000001
384 0000000110
385 0010100000
386 1001000100
387 1000101000
388 1001010000
389 0000001001
390 0000010010
391 0010000001
392 1000000110
393 1010100000
394 1001000100
395 0000101000
396 0001010000
397 0000001001
398 1000010010
399 1110000001
400 1100000110
401 0110100000
402 0101000100
403 0100101000
404 1101010000
405 1100001001
406 1100010010
407 0110000001
408 0100000110
409 0110100000
410 1101000100
411 1100101000
412 1101010000
413 0100001001
414 0100010010
415 0010000001
416 1000000110
417 1010100000
418 1001000100
419 0000101000
420 0001010000
421 0000001001
422 1000010010
423 1010000001
424 1000000110
425 0010100000
426 0001000100
427 0000101000
428 1001010000
429 1000001001
430 1000010010
431 0110000001
432 0100000110
433 0110100000
434 1101000100
435 1100101000
436 1101010000
437 0100001001
438 0100010010
439 0110000001
440 1100000110
441 1110100000
442 1101000100
443 0100101000
444 0101010000
445 0100001001
446 1100010010
447 1010000001
448 1000000110
449 0010100000
450 0001000100
451 0000101000
452 1001010000
453 1000001001
454 1000010010
455 0010000001
456 0000000110
457 0010100000
458 1001000100
459 1000101000
460 1001010000
461 0000001001
462 0000010010
463 0110000001
464 1100000110
465 1110100000
466 1101000100
467 0100101000
468 0101010000
469 0100001001
470 1100010010
471 1110000001
472 1100000110
473 0110100000
474 0101000100
475 0100101000
476 1101010000
477 1100001001
478 1100010010
479 0010000001
480 0000000110
481 0010100000
482 1001000100
483 1000101000
484 1001010000
485 0000001001
486 0000010010
487 0010000001
488 1000000110
489 1010100000
490 1001000100
491 0000101000
492 0001010000
493 0000001001
494 1000010010
495 1110000001
496 1100000110
497 0110100000
498 0101000100
499 0100101000
500 1101010000
501 1100001001
502 1100010010
503 0110000001
504 0100000110
505 0110100000
506 1101000100
507 1100101000
508 1101010000
509 0100001001
510 0100010010
511 0010000001
512 1000000110
513 1010100000
514 1001000100
515 0000101000
516 0001010000
517 0000001001
518 1000010010
519 1010000001
520 1000000110
521 0010100000
522 0001000100
523 0000101000
524 1001010000
525 1000001001
526 1000010010
527 0110000001
528 0100000110
529 0110100000
530 1101000100
531 1100101000
532 1101010000
533 0100001001
534 0100010010
535 0110000001
536 1100000110
537 1110100000
538 1101000100
539 0100101000
540 0101010000
541 0100001001
542 1100010010
543 1010000001
544 1000000110
545 0010100000
546 0001000100
547 0000101000
548 1001010000
549 1000001001
550 1000010010
551 0010000001
552 0000000110
553 0010100000
554 1001000100
555 1000101000
556 1001010000
557 0000001001
558 0000010010
559 0110000001
560 1100000110
561 1110100000
562 1101000100
563 0100101000
564 0101010000
565 0100001001
566 1100010010
567 1110000001
568 1100000110
569 0110100000
570 0101000100
571 0100101000
572 1101010000
573 1100001001
574 1100010010
575 0010000001
576 0000000110
577 0010100000
578 1001000100
579 1000101000
580 1001010000
581 0000001001
582 0000010010
583 0010000001
584 1000000110
585 1010100000
586 1001000100
587 0000101000
588 0001010000
589 0000001001
590 1000010010
591 1110000001
592 1100000110
593 0110100000
594 0101000100
595 0100101000
596 1101010000
597 1100001001
598 1100010010
599 0110000001
600 0100000110
601 0110100000
602 1101000100
603 1100101000
604 1101010000
605 0100001001
606 0100010010
607 0010000001
608 1000000110
609 1010100000
610 1001000100
611 0000101000
612 0001010000
613 0000001001
614 1000010010
615 1010000001
616 1000000110
617 0010100000
618 0001000100
619 0000101000
620 1001010000
621 1000001001
622 1000010010
623 0110000001
624 0100000110
625 0110100000
626 1101000100
627 1100101000
628 1101010000
629 0100001001
630 0100010010
631 0110000001
632 1100000110
633 1110100000
634 1101000100
635 0100101000
636 0101010000
637 0100001001
638 1100010010
639 1010000001
640 1000000110
641 0010100000
642 0001000100
643 0000101000
644 1001010000
645 1000001001
646 1000010010
647 0010000001
648 0000000110
649 0010100000
650 1001000100
651 1000101000
652 1001010000
653 0000001001
654 0000010010
655 0110000001
656 1100000110
657 1110100000
658 1101000100
659 0100101000
660 0101010000
661 0100001001
662 1100010010
663 1110000001
664 1100000110
665 0110100000
666 0101000100
667 0100101000
668 1101010000
669 1100001001
670 1100010010
671 0010000001
672 0000000110
673 0010100000
674 1001000100
675 1000101000
676 1001010000
677 0000001001
678 0000010010
679 0010000001
680 1000000110
681 1010100000
682 1001000100
683 0000101000
684 0001010000
685 0000001001
686 1000010010
687 1110000001
688 1100000110
689 0110100000
690 0101000100
691 0100101000
692 1101010000
693 1100001001
694 1100010010
695 0110000001
696 0100000110
697 0110100000
698 1101000100
699 1100101000
700 1101010000
701 0100001001
702 0100010010
703 0010000001
704 1000000110
705 1010100000
706 1001000100
707 0000101000
708 0001010000
709 0000001001
710 1000010010
711 1010000001
712 1000000110
713 0010100000
714 0001000100
715 0000101000
716 1001010000
717 1000001001
718 1000010010
719 0110000001
720 0100000110
721 0110100000
722 1101000100
723 1100101000
724 1101010000
725 0100001001
726 0100010010
727 0110000001
728 1100000110
729 1110100000
730 1101000100
731 0100101000
732 0101010000
733 0100001001
734 1100010010
735 1010000001
736 1000000110
737 0010100000
738 0001000100
739 0000101000
740 1001010000
741 1000001001
742 1000010010
743 0010000001
744 0000000110
745 0010100000
746 1001000100
747 1000101000
748 1001010000
749 0000001001
750 0000010010
751 0110000001
752 1100000110
753 1110100000
754 1101000100
755 0100101000
756 0101010000
757 0100001001
758 1100010010
759 1110000001
760 1100000110
761 0110100000
762 0101000100
763 0100101000
764 1101010000
765 1100001001
766 1100010010
767 0010000001
768 0000000110
769 0010100000
770 1001000100
771 1000101000
772 1001010000
773 0000001001
774 0000010010
775 0010000001
776 1000000110
777 1010100000
778 1001000100
779 0000101000
780 0001010000
781 0000001001
782 1000010010
783 1110000001
784 1100000110
785 0110100000
786 0101000100
787 0100101000
788 1101010000
789 1100001001
790 1100010010
791 0110000001
792 0100000110
793 0110100000
794 1101000100
795 1100101000
796 1101010000
797 0100001001
798 0100010010
799 0010000001
800 1000000110
801 1010100000
802 1001000100
803 0000101000
804 0001010000
805 0000001001
806 1000010010
807 1010000001
808 1000000110
809 0010100000
810 0001000100
811 0000101000
812 1001010000
813 1000001001
814 1000010010
815 0110000001
816 0100000110
817 0110100000
818 1101000100
819 1100101000
820 1101010000
821 0100001001
822 0100010010
823 0110000001
824 1100000110
825 1110100000
826 1101000100
827 0100101000
828 0101010000
829 0100001001
830 1100010010
831 1010000001
832 1000000110
833 0010100000
834 0001000100
835 0000101000
836 1001010000
837 1000001001
838 1000010010
839 0010000001
840 0000000110
841 0010100000
842 1001000100
843 1000101000
844 1001010000
845 0000001001
846 0000010010
847 0110000001
848 1100000110
849 1110100000
850 1101000100
851 0100101000
852 0101010000
853 0100001001
854 1100010010
855 1110000001
856 1100000110
857 0110100000
858 0101000100
859 0100101000
860 1101010000
861 1100001001
862 1100010010
863 0010000001
864 0000000110
865 0010100000
866 1001000100
867 1000101000
868 1001010000
869 0000001001
870 0000010010
871 0010000001
872 1000000110
873 1010100000
874 1001000100
875 0000101000
876 0001010000
877 0000001001
878 1000010010
879 1110000001
880 1100000110
881 0110100000
882 0101000100
883 0100101000
884 1101010000
885 1100001001
886 1100010010
887 0110000001
888 0100000110
889 0110100000
890 1101000100
891 1100101000
892 1101010000
893 0100001001
894 0100010010
895 0010000001
896 1000000110
897 1010100000
898 1001000100
899 0000101000
900 0001010000
901 0000001001
902 1000010010
903 1010000001
904 1000000110
905 0010100000
906 0001000100
907 0000101000
908 1001010000
909 1000001001
910 1000010010
911 0110000001
912 0100000110
913 0110100000
914 1101000100
915 1100101000
916 1101010000
917 0100001001
918 0100010010
919 0110000001
920 1100000110
921 1110100000
922 1101000100
923 0100101000
924 0101010000
925 0100001001
926 1100010010
927 1010000001
928 1000000110
929 0010100000
930 0001000100
931 0000101000
932 1001010000
933 1000001001
934 1000010010
935 0010000001
936 0000000110
937 0010100000
938 1001000100
939 1000101000
940 1001010000
941 0000001001
942 0000010010
943 0110000001
944 1100000110
945 1110100000
946 1101000100
947 0100101000
948 0101010000
949 0100001001
950 1100010010
951 1110000001
952 1100000110
953 0110100000
954 0101000100
955 0100101000
956 1101010000
957 1100001001
958 1100010010
959 0010000001
960 0000000110
961 0010100000
962 1001000100
963 1000101000
964 1001010000
965 0000001001
966 0000010010
967 0010000001
968 1000000110
969 1010100000
970 1001000100
971 0000101000
972 0001010000
973 0000001001
974 1000010010
975 1110000001
976 1100000110
977 0110100000
978 0101000100
979 0100101000
980 1101010000
981 1100001001
982 1100010010
983 0110000001
984 0100000110
985 0110100000
986 1101000100
987 1100101000
988 1101010000
989 0100001001
990 0100010010
991 0010000001
992 1000000110
993 1010100000
994 1001000100
995 0000101000
996 0001010000
997 0000001001
998 1000010010
999 1010000001
1000 1000000110
1001 0010100000
1002 0001000100
1003 0000101000
1004 1001010000
1005 1000001001
1006 1000010010
1007 0110000001
1008 0100000110
1009 0110100000
1010 1101000100
1011 1100101000
1012 1101010000
1013 0100001001
1014 0100010010
1015 0110000001
1016 1100000110
1017 1110100000
1018 1101000100
1019 0100101000
1020 0101010000
1021 0100001001
1022 1100010010
1023 1010000001
1024 1000000110
1025 0010100000
1026 0001000100
1027 0000101000
1028 1001010000
1029 1000001001
1030 1000010010
1031 0010000001
1032 0000000110
1033 0010100000
1034 1001000100
1035 1000101000
1036 1001010000
1037 0000001001
1038 0000010010
1039 0110000001
1040 1100000110
1041 1110100000
1042 1101000100
1043 0100101000
1044 0101010000
1045 0100001001
1046 1100010010
1047 1110000001
1048 1100000110
1049 0110100000
1050 0101000100
1051 0100101000
1052 1101010000
1053 1100001001
1054 1100010010
1055 0010000001
1056 0000000110
1057 0010100000
1058 1001000100
1059 1000101000
1060 1001010000
1061 0000001001
1062 0000010010
1063 0010000001
1064 1000000110
1065 1010100000
1066 1001000100
1067 0000101000
1068 0001010000
1069 0000001001
1070 1000010010
1071 1110000001
1072 1100000110
1073 0110100000
1074 0101000100
1075 0100101000
1076 1101010000
1077 1100001001
1078 1100010010
1079 0110000001
1080 0100000110
1081 0110100000
1082 1101000100
1083 1100101000
1084 1101010000
1085 0100001001
1086 0100010010
1087 0010000001
1088 1000000110
1089 1010100000
1090 1001000100
1091 0000101000
1092 0001010000
1093 0000001001
1094 1000010010
1095 1010000001
1096 1000000110
1097 0010100000
1098 0001000100
1099 0000101000
1100 1001010000
1101 1000001001
1102 1000010010
1103 0110000001
1104 0100000110
1105 0110100000
1106 1101000100
1107 1100101000
1108 1101010000
1109 0100001001
1110 0100010010
1111 0110000001
1112 1100000110
1113 1110100000
1114 1101000100
1115 0100101000
1116 0101010000
1117 0100001001
1118 1100010010
1119 1010000001
1120 1000000110
1121 0010100000
1122 0001000100
1123 0000101000
1124 1001010000
1125 1000001001
1126 1000010010
1127 0010000001
1128 0000000110
1129 0010100000
1130 1001000100
1131 1000101000
1132 1001010000
1133 0000001001
1134 0000010010
1135 0110000001
1136 1100000110
1137 1110100000
1138 1101000100
1139 0100101000
1140 0101010000
1141 0100001001
1142 1100010010
1143 1110000001
1144 1100000110
1145 0110100000
1146 0101000100
1147 0100101000
1148 1101010000
1149 1100001001
1150 1100010010
1151 0010000001
1152 0000000110
1153 0010100000
1154 1001000100
1155 1000101000
1156 1001010000
1157 0000001001
1158 0000010010
1159 0010000001
1160 1000000110
1161 1010100000
1162 1001000100
1163 0000101000
1164 0001010000
1165 0000001001
1166 1000010010
1167 1110000001
1168 1100000110
1169 0110100000
1170 0101000100
1171 0100101000
1172 1101010000
1173 1100001001
1174 1100010010
1175 0110000001
1176 0100000110
1177 0110100000
1178 1101000100
1179 1100101000
1180 1101010000
1181 0100001001
1182 0100010010
1183 0010000001
1184 1000000110
1185 1010100000
1186 1001000100
1187 0000101000
1188 0001010000
1189 0000001001
1190 1000010010
1191 1010000001
1192 1000000110
1193 0010100000
1194 0001000100
1195 0000101000
1196 1001010000
1197 1000001001
1198 1000010010
1199 0110000001
1200 0100000110
1201 0110100000
1202 1101000100
1203 1100101000
1204 1101010000
1205 0100001001
1206 0100010010
1207 0110000001
1208 1100000110
1209 1110100000
1210 1101000100
1211 0100101000
1212 0101010000
1213 0100001001
1214 1100010010
1215 1010000001
1216 1000000110
1217 0010100000
1218 0001000100
1219 0000101000
1220 1001010000
1221 1000001001
1222 1000010010
1223 0010000001
1224 0000000110
1225 0010100000
1226 1001000100
1227 1000101000
1228 1001010000
1229 0000001001
1230 0000010010
1231 0110000001
1232 1100000110
1233 1110100000
1234 1101000100
1235 0100101000
1236 0101010000
1237 0100001001
1238 1100010010
1239 1110000001
1240 1100000110
1241 0110100000
1242 0101000100
1243 0100101000
1244 1101010000
1245 1100001001
1246 1100010010
1247 0010000001
1248 0000000110
1249 0010100000
1250 1001000100
1251 1000101000
1252 1001010000
1253 0000001001
1254 0000010010
1255 0010000001
1256 1000000110
1257 1010100000
1258 1001000100
1259 0000101000
1260 0001010000
1261 0000001001
1262 1000010010
1263 1110000001
1264 1100000110
1265 0110100000
1266 0101000100
1267 0100101000
1268 1101010000
1269 1100001001
1270 1100010010
1271 0110000001
1272 0100000110
1273 0110100000
1274 1101000100
1275 1100101000
1276 1101010000
1277 0100001001
1278 0100010010
1279 0010000001
1280 1000000110
1281 1010100000
1282 1001000100
1283 0000101000
1284 0001010000
1285 0000001001
1286 1000010010
1287 1010000001
1288 1000000110
1289 0010100000
1290 0001000100
1291 0000101000
1292 1001010000
1293 1000001001
1294 1000010010
1295 0110000001
1296 0100000110
1297 0110100000
1298 1101000100
1299 1100101000
1300 1101010000
1301 0100001001
1302 0100010010
1303 0110000001
1304 1100000110
1305 1110100000
1306 1101000100
1307 0100101000
1308 0101010000
1309 0100001001
1310 1100010010
1311 1010000001
1312 1000000110
1313 0010100000
1314 0001000100
1315 0000101000
1316 1001010000
1317 1000001001
1318 1000010010
1319 0010000001
1320 0000000110
1321 0010100000
1322 1001000100
1323 1000101000
1324 1001010000
1325 0000001001
1326 0000010010
1327 0110000001
1328 1100000110
1329 1110100000
1330 1101000100
1331 0100101000
1332 0101010000
1333 0100001001
1334 1100010010
1335 1110000001
1336 1100000110
1337 0110100000
1338 0101000100
1339 0100101000
1340 1101010000
1341 1100001001
1342 1100010010
1343 0010000001
1344 0000000110
1345 0010100000
1346 1001000100
1347 1000101000
1348 1001010000
1349 0000001001
1350 0000010010
1351 0010000001
1352 1000000110
1353 1010100000
1354 1001000100
1355 0000101000
1356 0001010000
1357 0000001001
1358 1000010010
1359 1110000001
1360 1100000110
1361 0110100000
1362 0101000100
1363 0100101000
1364 1101010000
1365 1100001001
1366 1100010010
1367 0110000001
1368 0100000110
1369 0110100000
1370 1101000100
1371 1100101000
1372 1101010000
1373 0100001001
1374 0100010010
1375 0010000001
1376 1000000110
1377 1010100000
1378 1001000100
1379 0000101000
1380 0001010000
1381 0000001001
1382 1000010010
1383 1010000001
1384 1000000110
1385 0010100000
1386 0001000100
1387 0000101000
1388 1001010000
1389 1000001001
1390 1000010010
1391 0110000001
1392 0100000110
1393 0110100000
1394 1101000100
1395 1100101000
1396 1101010000
1397 0100001001
1398 0100010010
1399 0110000001
1400 1100000110
1401 1110100000
1402 1101000100
1403 0100101000
1404 0101010000
1405 0100001001
1406 1100010010
1407 1010000001
1408 1000000110
1409 0010100000
1410 0001000100
1411 0000101000
1412 1001010000
1413 1000001001
1414 1000010010
1415 0010000001
1416 0000000110
1417 0010100000
1418 1001000100
1419 1000101000
1420 1001010000
1421 0000001001
1422 0000010010
1423 0110000001
1424 1100000110
1425 1110100000
1426 1101000100
1427 0100101000
1428 0101010000
1429 0100001001
1430 1100010010
1431 1110000001
1432 1100000110
1433 0110100000
1434 0101000100
1435 0100101000
1436 1101010000
1437 1100001001
1438 1100010010
1439 0010000001
1440 0000000110
1441 0010100000
1442 1001000100
1443 1000101000
1444 1001010000
1445 0000001001
1446 0000010010
1447 0010000001
1448 1000000110
1449 1010100000
1450 1001000100
1451 0000101000
1452 0001010000
1453 0000001001
1454 1000010010
1455 1110000001
1456 1100000110
1457 0110100000
1458 0101000100
1459 0100101000
1460 1101010000
1461 1100001001
1462 1100010010
1463 0110000001
1464 0100000110
1465 0110100000
1466 1101000100
1467 1100101000
1468 1101010000
1469 0100001001
1470 0100010010
1471 0010000001
1472 1000000110
1473 1010100000
1474 1001000100
1475 0000101000
1476 0001010000
1477 0000001001
1478 1000010010
1479 1010000001
1480 1000000110
1481 0010100000
1482 0001000100
1483 0000101000
1484 1001010000
1485 1000001001
1486 1000010010
1487 0110000001
1488 0100000110
1489 0110100000
1490 1101000100
1491 1100101000
1492 1101010000
1493 0100001001
1494 0100010010
1495 0110000001
1496 1100000110
1497 1110100000
1498 1101000100
1499 0100101000
1500 0101010000
1501 0100001001
1502 1100010010
1503 1010000001
1504 1000000110
1505 0010100000
1506 0001000100
1507 0000101000
1508 1001010000
1509 1000001001
1510 1000010010
1511 0010000001
1512 0000000110
1513 0010100000
1514 1001000100
1515 1000101000
1516 1001010000
1517 0000001001
1518 0000010010
1519 0110000001
1520 1100000110
1521 1110100000
1522 1101000100
1523 0100101000
1524 0101010000
1525 0100001001
1526 1100010010
1527 1110000001
1528 1100000110
1529 0110100000
1530 0101000100
1531 0100101000
1532 1101010000
1533 1100001001
1534 1100010010
1535 0010000001
1536 0000000110
1537 0010100000
1538 1001000100
1539 1000101000
1540 1001010000
1541 0000001001
1542 0000010010
1543 0010000001
1544 1000000110
1545 1010100000
1546 1001000100
1547 0000101000
1548 0001010000
1549 0000001001
1550 1000010010
1551 1110000001
1552 1100000110
1553 0110100000
1554 0101000100
1555 0100101000
1556 1101010000
1557 1100001001
1558 1100010010
1559 0110000001
1560 0100000110
1561 0110100000
1562 1101000100
1563 1100101000
1564 1101010000
1565 0100001001
1566 0100010010
1567 0010000001
1568 1000000110
1569 1010100000
1570 1001000100
1571 0000101000
1572 0001010000
1573 0000001001
1574 1000010010
1575 1010000001
1576 1000000110
1577 0010100000
1578 0001000100
1579 0000101000
1580 1001010000
1581 1000001001
1582 1000010010
1583 0110000001
1584 0100000110
1585 0110100000
1586 1101000100
1587 1100101000
1588 1101010000
1589 0100001001
1590 0100010010
1591 0110000001
1592 1100000110
1593 1110100000
1594 1101000100
1595 0100101000
1596 0101010000
1597 0100001001
1598 1100010010
1599 1010000001
1600 1000000110
1601 0010100000
1602 0001000100
1603 0000101000
1604 1001010000
1605 1000001001
1606 1000010010
1607 0010000001
1608 0000000110
1609 0010100000
1610 1001000100
1611 1000101000
1612 1001010000
1613 0000001001
1614 0000010010
1615 0110000001
1616 1100000110
1617 1110100000
1618 1101000100
1619 0100101000
1620 0101010000
1621 0100001001
1622 1100010010
1623 1110000001
1624 1100000110
1625 0110100000
1626 0101000100
1627 0100101000
1628 1101010000
1629 1100001001
1630 1100010010
1631 0010000001
1632 0000000110
1633 0010100000
1634 1001000100
1635 1000101000
1636 1001010000
1637 0000001001
1638 0000010010
1639 0010000001
1640 1000000110
1641 1010100000
1642 1001000100
1643 0000101000
1644 0001010000
1645 0000001001
1646 1000010010
1647 1110000001
1648 1100000110
1649 0110100000
1650 0101000100
1651 0100101000
1652 1101010000
1653 1100001001
1654 1100010010
1655 0110000001
1656 0100000110
1657 0110100000
1658 1101000100
1659 1100101000
1660 1101010000
1661 0100001001
1662 0100010010
1663 0010000001
1664 1000000110
1665 1010100000
1666 1001000100
1667 0000101000
1668 0001010000
1669 0000001001
1670 1000010010
1671 1010000001
1672 1000000110
1673 0010100000
1674 0001000100
1675 0000101000
1676 1001010000
1677 1000001001
1678 1000010010
1679 0110000001
1680 0100000110
1681 0110100000
1682 1101000100
1683 1100101000
1684 1101010000
1685 0100001001
1686 0100010010
1687 0110000001
1688 1100000110
1689 1110100000
1690 1101000100
1691 0100101000
1692 0101010000
1693 0100001001
1694 1100010010
1695 1010000001
1696 1000000110
1697 0010100000
1698 0001000100
1699 0000101000
1700 1001010000
1701 1000001001
1702 1000010010
1703 0010000001
1704 0000000110
1705 0010100000
1706 1001000100
1707 1000101000
1708 1001010000
1709 0000001001
1710 0000010010
1711 0110000001
1712 1100000110
1713 1110100000
1714 1101000100
1715 0100101000
1716 0101010000
1717 0100001001
1718 1100010010
1719 1110000001
1720 1100000110
1721 0110100000
1722 0101000100
1723 0100101000
1724 1101010000
1725 1100001001
1726 1100010010
1727 0010000001
1728 0000000110
1729 0010100000
1730 1001000100
1731 1000101000
1732 1001010000
1733 0000001001
1734 0000010010
1735 0010000001
1736 1000000110
1737 1010100000
1738 1001000100
1739 0000101000
1740 0001010000
1741 0000001001
1742 1000010010
1743 1110000001
1744 1100000110
1745 0110100000
1746 0101000100
1747 0100101000
1748 1101010000
1749 1100001001
1750 1100010010
1751 0110000001
1752 0100000110
1753 0110100000
1754 1101000100
1755 1100101000
1756 1101010000
1757 0100001001
1758 0100010010
1759 0010000001
1760 1000000110
1761 1010100000
1762 1001000100
1763 0000101000
1764 0001010000
1765 0000001001
1766 1000010010
1767 1010000001
1768 1000000110
1769 0010100000
1770 0001000100
1771 0000101000
1772 1001010000
1773 1000001001
1774 1000010010
1775 0110000001
1776 0100000110
1777 0110100000
1778 1101000100
1779 1100101000
1780 1101010000
1781 0100001001
1782 0100010010
1783 0110000001
1784 1100000110
1785 1110100000
1786 1101000100
1787 0100101000
1788 0101010000
1789 0100001001
1790 1100010010
1791 1010000001
1792 1000000110
1793 0010100000
1794 0001000100
1795 0000101000
1796 1001010000
1797 1000001001
1798 1000010010
1799 0010000001
1800 0000000110
1801 0010100000
1802 1001000100
1803 1000101000
1804 1001010000
1805 0000001001
1806 0000010010
1807 0110000001
1808 1100000110
1809 1110100000
1810 1101000100
1811 0100101000
1812 0101010000
1813 0100001001
1814 1100010010
1815 1110000001
1816 1100000110
1817 0110100000
1818 0101000100
1819 0100101000
1820 1101010000
1821 1100001001
1822 1100010010
1823 0010000001
1824 0000000110
1825 0010100000
1826 1001000100
1827 1000101000
1828 1001010000
1829 0000001001
1830 0000010010
1831 0010000001
1832 1000000110
1833 1010100000
1834 1001000100
1835 0000101000
1836 0001010000
1837 0000001001
1838 1000010010
1839 1110000001
1840 1100000110
1841 0110100000
1842 0101000100
1843 0100101000
1844 1101010000
1845 1100001001
1846 1100010010
1847 0110000001
1848 0100000110
1849 0110100000
1850 1101000100
1851 1100101000
1852 1101010000
1853 0100001001
1854 0100010010
1855 0010000001
1856 1000000110
1857 1010100000
1858 1001000100
1859 0000101000
1860 0001010000
1861 0000001001
1862 1000010010
1863 1010000001
1864 1000000110
1865 0010100000
1866 0001000100
1867 0000101000
1868 1001010000
1869 1000001001
1870 1000010010
1871 0110000001
1872 0100000110
1873 0110100000
1874 1101000100
1875 1100101000
1876 1101010000
1877 0100001001
1878 0100010010
1879 0110000001
1880 1100000110
1881 1110100000
1882 1101000100
1883 0100101000
1884 0101010000
1885 0100001001
1886 1100010010
1887 1010000001
1888 1000000110
1889 0010100000
1890 0001000100
1891 0000101000
1892 1001010000
1893 1000001001
1894 1000010010
1895 0010000001
1896 0000000110
1897 0010100000
1898 1001000100
1899 1000101000
1900 1001010000
1901 0000001001
1902 0000010010
1903 0110000001
1904 1100000110
1905 1110100000
1906 1101000100
1907 0100101000
1908 0101010000
1909 0100001001
1910 1100010010
1911 1110000001
1912 1100000110
1913 0110100000
1914 0101000100
1915 0100101000
1916 1101010000
1917 1100001001
1918 1100010010
1919 0010000001
1920 0000000110
1921 0010100000
1922 1001000100
1923 1000101000
1924 1001010000
1925 0000001001
1926 0000010010
1927 0010000001
1928 1000000110
1929 1010100000
1930 1001000100
1931 0000101000
1932 0001010000
1933 0000001001
1934 1000010010
1935 1110000001
1936 1100000110
1937 0110100000
1938 0101000100
1939 0100101000
1940 1101010000
1941 1100001001
1942 1100010010
1943 0110000001
1944 0100000110
1945 0110100000
1946 1101000100
1947 1100101000
1948 1101010000
1949 0100001001
1950 0100010010
1951 0010000001
1952 1000000110
1953 1010100000
1954 1001000100
1955 0000101000
1956 0001010000
1957 0000001001
1958 1000010010
1959 1010000001
1960 1000000110
1961 0010100000
1962 0001000100
1963 0000101000
1964 1001010000
1965 1000001001
1966 1000010010
1967 0110000001
1968 0100000110
1969 0110100000
1970 1101000100
1971 1100101000
1972 1101010000
1973 0100001001
1974 0100010010
1975 0110000001
1976 1100000110
1977 1110100000
1978 1101000100
1979 0100101000
1980 0101010000
1981 0100001001
1982 1100010010
1983 1010000001
1984 1000000110
1985 0010100000
1986 0001000100
1987 0000101000
1988 1001010000
1989 1000001001
1990 1000010010
1991 0010000001
1992 0000000110
1993 0010100000
1994 1001000100
1995 1000101000
1996 1001010000
1997 0000001001
1998 0000010010
1999 0110000001
2000 1100000110
2001 1110100000
2002 1101000100
2003 0100101000
2004 0101010000
2005 0100001001
2006 1100010010
2007 1110000001
2008 1100000110
2009 0110100000
2010 0101000100
2011 0100101000
2012 1101010000
2013 1100001001
2014 1100010010
2015 0010000001
2016 0000000110
2017 0010100000
2018 1001000100
2019 1000101000
2020 1001010000
2021 0000001001
2022 0000010010
2023 0010000001
2024 1000000110
2025 1010100000
2026 1001000100
2027 0000101000
2028 0001010000
2029 0000001001
2030 1000010010
2031 1110000001
2032 1100000110
2033 0110100000
2034 0101000100
2035 0100101000
2036 1101010000
2037 1100001001
2038 1100010010
2039 0110000001
2040 0100000110
2041 0110100000
2042 1101000100
2043 1100101000
2044 1101010000
2045 0100001001
2046 0100010010
2047 0010000001
2048 1000000110
2049 1010100000
2050 1001000100
2051 0000101000
2052 0001010000
2053 0000001001
2054 1000010010
2055 1010000001
2056 1000000110
2057 0010100000
2058 0001000100
2059 0000101000
2060 1001010000
2061 1000001001
2062 1000010010
2063 0110000001
2064 0100000110
2065 0110100000
2066 1101000100
2067 1100101000
2068 1101010000
2069 0100001001
2070 0100010010
2071 0110000001
2072 1100000110
2073 1110100000
2074 1101000100
2075 0100101000
2076 0101010000
2077 0100001001
2078 1100010010
2079 1010000001
2080 1000000110
2081 0010100000
2082 0001000100
2083 0000101000
2084 1001010000
2085 1000001001
2086 1000010010
2087 0010000001
2088 0000000110
2089 0010100000
2090 1001000100
2091 1000101000
2092 1001010000
2093 0000001001
2094 0000010010
2095 0110000001
2096 1100000110
2097 1110100000
2098 1101000100
2099 0100101000
2100 0101010000
2101 0100001001
2102 1100010010
2103 1110000001
2104 1100000110
2105 0110100000
2106 0101000100
2107 0100101000
2108 1101010000
2109 1100001001
2110 1100010010
2111 0010000001
2112 0000000110
2113 0010100000
2114 1001000100
2115 1000101000
2116 1001010000
2117 0000001001
2118 0000010010
2119 0010000001
2120 1000000110
2121 1010100000
2122 1001000100
2123 0000101000
2124 0001010000
2125 0000001001
2126 1000010010
2127 1110000001
2128 1100000110
2129 0110100000
2130 0101000100
2131 0100101000
2132 1101010000
2133 1100001001
2134 1100010010
2135 0110000001
2136 0100000110
2137 0110100000
2138 1101000100
2139 1100101000
2140 1101010000
2141 0100001001
2142 0100010010
2143 0010000001
2144 1000000110
2145 1010100000
2146 1001000100
2147 0000101000
2148 0001010000
2149 0000001001
2150 1000010010
2151 1010000001
2152 1000000110
2153 0010100000
2154 0001000100
2155 0000101000
2156 1001010000
2157 1000001001
2158 1000010010
2159 0110000001
2160 0100000110
2161 0110100000
2162 1101000100
2163 1100101000
2164 1101010000
2165 0100001001
2166 0100010010
2167 0110000001
2168 1100000110
2169 1110100000
2170 1101000100
2171 0100101000
2172 0101010000
2173 0100001001
2174 1100010010
2175 1010000001
2176 1000000110
2177 0010100000
2178 0001000100
2179 0000101000
2180 1001010000
2181 1000001001
2182 1000010010
2183 0010000001
2184 0000000110
2185 0010100000
2186 1001000100
2187 1000101000
2188 1001010000
2189 0000001001
2190 0000010010
2191 0110000001
2192 1100000110
2193 1110100000
2194 1101000100
2195 0100101000
2196 0101010000
2197 0100001001
2198 1100010010
2199 1110000001
2200 1100000110
2201 0110100000
2202 0101000100
2203 0100101000
2204 1101010000
2205 1100001001
2206 1100010010
2207 0010000001
2208 0000000110
2209 0010100000
2210 1001000100
2211 1000101000
2212 1001010000
2213 0000001001
2214 0000010010
2215 0010000001
2216 1000000110
2217 1010100000
2218 1001000100
2219 0000101000
2220 0001010000
2221 0000001001
2222 1000010010
2223 1110000001
2224 1100000110
2225 0110100000
2226 0101000100
2227 0100101000
2228 1101010000
2229 1100001001
2230 1100010010
2231 0110000001
2232 0100000110
2233 0110100000
2234 1101000100
2235 1100101000
2236 1101010000
2237 0100001001
2238 0100010010
2239 0010000001
2240 1000000110
2241 1010100000
2242 1001000100
2243 0000101000
2244 0001010000
2245 0000001001
2246 1000010010
2247 1010000001
2248 1000000110
2249 0010100000
2250 0001000100
2251 0000101000
2252 1001010000
2253 1000001001
2254 1000010010
2255 0110000001
2256 0100000110
2257 0110100000
2258 1101000100
2259 1100101000
2260 1101010000
2261 0100001001
2262 0100010010
2263 0110000001
2264 1100000110
2265 1110100000
2266 1101000100
2267 0100101000
2268 0101010000
2269 0100001001
2270 1100010010
2271 1010000001
2272 1000000110
2273 0010100000
2274 0001000100
2275 0000101000
2276 1001010000
2277 1000001001
2278 1000010010
2279 0010000001
2280 0000000110
2281 0010100000
2282 1001000100
2283 1000101000
2284 1001010000
2285 0000001001
2286 0000010010
2287 0110000001
2288 1100000110
2289 1110100000
2290 1101000100
2291 0100101000
2292 0101010000
2293 0100001001
2294 1100010010
2295 1110000001
2296 1100000110
2297 0110100000
2298 0101000100
2299 0100101000
2300 1101010000
2301 1100001001
2302 1100010010
2303 0010000001
2304 0000000110
2305 0010100000
2306 1001000100
2307 1000101000
2308 1001010000
2309 0000001001
2310 0000010010
2311 0010000001
2312 1000000110
2313 1010100000
2314 1001000100
2315 0000101000
2316 0001010000
2317 0000001001
2318 1000010010
2319 1110000001
2320 1100000110
2321 0110100000
2322 0101000100
2323 0100101000
2324 1101010000
2325 1100001001
2326 1100010010
2327 0110000001
2328 0100000110
2329 0110100000
2330 1101000100
2331 1100101000
2332 1101010000
2333 0100001001
2334 0100010010
2335 0010000001
2336 1000000110
2337 1010100000
2338 1001000100
2339 0000101000
2340 0001010000
2341 0000001001
2342 1000010010
2343 1010000001
2344 1000000110
2345 0010100000
2346 0001000100
2347 0000101000
2348 1001010000
2349 1000001001
2350 1000010010
2351 0110000001
2352 0100000110
2353 0110100000
2354 1101000100
2355 1100101000
2356 1101010000
2357 0100001001
2358 0100010010
2359 0110000001
2360 1100000110
2361 1110100000
2362 1101000100
2363 0100101000
2364 0101010000
2365 0100001001
2366 1100010010
2367 1010000001
2368 1000000110
2369 0010100000
2370 0001000100
2371 0000101000
2372 1001010000
2373 1000001001
2374 1000010010
2375 0010000001
2376 0000000110
2377 0010100000
2378 1001000100
2379 1000101000
2380 1001010000
2381 0000001001
2382 0000010010
2383 0110000001
2384 1100000110
2385 1110100000
2386 1101000100
2387 0100101000
2388 0101010000
2389 0100001001
2390 1100010010
2391 1110000001
2392 1100000110
2393 0110100000
2394 0101000100
2395 0100101000
2396 1101010000
2397 1100001001
2398 1100010010
2399 0010000001
2400 0000000110
2401 0010100000
2402 1001000100
2403 1000101000
2404 1001010000
2405 0000001001
2406 0000010010
2407 0010000001
2408 1000000110
2409 1010100000
2410 1001000100
2411 0000101000
2412 0001010000
2413 0000001001
2414 1000010010
2415 1110000001
2416 1100000110
2417 0110100000
2418 0101000100
2419 0100101000
2420 1101010000
2421 1100001001
2422 1100010010
2423 0110000001
2424 0100000110
2425 0110100000
2426 1101000100
2427 1100101000
2428 1101010000
2429 0100001001
2430 0100010010
2431 0010000001
2432 1000000110
2433 1010100000
2434 1001000100
2435 0000101000
2436 0001010000
2437 0000001001
2438 1000010010
2439 1010000001
2440 1000000110
2441 0010100000
2442 0001000100
2443 0000101000
2444 1001010000
2445 1000001001
2446 1000010010
2447 0110000001
2448 0100000110
2449 0110100000
2450 1101000100
2451 1100101000
2452 1101010000
2453 0100001001
2454 0100010010
2455 0110000001
2456 1100000110
2457 1110100000
2458 1101000100
2459 0100101000
2460 0101010000
2461 0100001001
2462 1100010010
2463 1010000001
2464 1000000110
2465 0010100000
2466 0001000100
2467 0000101000
2468 1001010000
2469 1000001001
2470 1000010010
2471 0010000001
2472 0000000110
2473 0010100000
2474 1001000100
2475 1000101000
2476 1001010000
2477 0000001001
2478 0000010010
2479 0110000001
2480 1100000110
2481 1110100000
2482 1101000100
2483 0100101000
2484 0101010000
2485 0100001001
2486 1100010010
2487 1110000001
2488 1100000110
2489 0110100000
2490 0101000100
2491 0100101000
2492 1101010000
2493 1100001001
2494 1100010010
2495 0010000001
2496 0000000110
2497 0010100000
2498 1001000100
2499 1000101000
2500 1001010000
2501 0000001001
2502 0000010010
2503 0010000001
2504 1000000110
2505 1010100000
2506 1001000100
2507 0000101000
2508 0001010000
2509 0000001001
2510 1000010010
2511 1110000001
2512 1100000110
2513 0110100000
2514 0101000100
2515 0100101000
2516 1101010000
2517 1100001001
2518 1100010010
2519 0110000001
2520 0100000110
2521 0110100000
2522 1101000100
2523 1100101000
2524 1101010000
2525 0100001001
2526 0100010010
2527 0010000001
2528 1000000110
2529 1010100000
2530 1001000100
2531 0000101000
2532 0001010000
2533 0000001001
2534 1000010010
2535 1010000001
2536 1000000110
2537 0010100000
2538 0001000100
2539 0000101000
2540 1001010000
2541 1000001001
2542 1000010010
2543 0110000001
2544 0100000110
2545 0110100000
2546 1101000100
2547 1100101000
2548 1101010000
2549 0100001001
2550 0100010010
2551 0110000001
2552 1100000110
2553 1110100000
2554 1101000100
2555 0100101000
2556 0101010000
2557 0100001001
2558 1100010010
2559 1010000001
2560 1000000110
2561 0010100000
2562 0001000100
2563 0000101000
2564 1001010000
2565 1000001001
2566 1000010010
2567 0010000001
2568 0000000110
2569 0010100000
2570 1001000100
2571 1000101000
2572 1001010000
2573 0000001001
2574 0000010010
2575 0110000001
2576 1100000110
2577 1110100000
2578 1101000100
2579 0100101000
2580 0101010000
2581 0100001001
2582 1100010010
2583 1110000001
2584 1100000110
2585 0110100000
2586 0101000100
2587 0100101000
2588 1101010000
2589 1100001001
2590 1100010010
2591 0010000001
2592 0000000110
2593 0010100000
2594 1001000100
2595 1000101000
2596 1001010000
2597 0000001001
2598 0000010010
2599 0010000001
2600 1000000110
2601 1010100000
2602 1001000100
2603 0000101000
2604 0001010000
2605 0000001001
2606 1000010010
2607 1110000001
2608 1100000110
2609 0110100000
2610 0101000100
2611 0100101000
2612 1101010000
2613 1100001001
2614 1100010010
2615 0110000001
2616 0100000110
2617 0110100000
2618 1101000100
2619 1100101000
2620 1101010000
2621 0100001001
2622 0100010010
2623 0010000001
2624 1000000110
2625 1010100000
2626 1001000100
2627 0000101000
2628 0001010000
2629 0000001001
2630 1000010010
2631 1010000001
2632 1000000110
2633 0010100000
2634 0001000100
2635 0000101000
2636 1001010000
2637 1000001001
2638 1000010010
2639 0110000001
2640 0100000110
2641 0110100000
2642 1101000100
2643 1100101000
2644 1101010000
2645 0100001001
2646 0100010010
2647 0110000001
2648 1100000110
2649 1110100000
2650 1101000100
2651 0100101000
2652 0101010000
2653 0100001001
2654 1100010010
2655 1010000001
2656 1000000110
2657 0010100000
2658 0001000100
2659 0000101000
2660 1001010000
2661 1000001001
2662 1000010010
2663 0010000001
2664 0000000110
2665 0010100000
2666 1001000100
2667 1000101000
2668 1001010000
2669 0000001001
2670 0000010010
2671 0110000001
2672 1100000110
2673 1110100000
2674 1101000100
2675 0100101000
2676 0101010000
2677 0100001001
2678 1100010010
2679 1110000001
2680 1100000110
2681 0110100000
2682 0101000100
2683 0100101000
2684 1101010000
2685 1100001001
2686 1100010010
2687 0010000001
2688 0000000110
2689 0010100000
2690 1001000100
2691 1000101000
2692 1001010000
2693 0000001001
2694 0000010010
2695 0010000001
2696 1000000110
2697 1010100000
2698 1001000100
2699 0000101000
2700 0001010000
2701 0000001001
2702 1000010010
2703 1110000001
2704 1100000110
2705 0110100000
2706 0101000100
2707 0100101000
2708 1101010000
2709 1100001001
2710 1100010010
2711 0110000001
2712 0100000110
2713 0110100000
2714 1101000100
2715 1100101000
2716 1101010000
2717 0100001001
2718 0100010010
2719 0010000001
2720 1000000110
2721 1010100000
2722 1001000100
2723 0000101000
2724 0001010000
2725 0000001001
2726 1000010010
2727 1010000001
2728 1000000110
2729 0010100000
2730 0001000100
2731 0000101000
2732 1001010000
2733 1000001001
2734 1000010010
2735 0110000001
2736 0100000110
2737 0110100000
2738 1101000100
2739 1100101000
2740 1101010000
2741 0100001001
2742 0100010010
2743 0110000001
2744 1100000110
2745 1110100000
2746 1101000100
2747 0100101000
2748 0101010000
2749 0100001001
2750 1100010010
2751 1010000001
2752 1000000110
2753 0010100000
2754 0001000100
2755 0000101000
2756 1001010000
2757 1000001001
2758 1000010010
2759 0010000001
2760 0000000110
2761 0010100000
2762 1001000100
2763 1000101000
2764 1001010000
2765 0000001001
2766 0000010010
2767 0110000001
2768 1100000110
2769 1110100000
2770 1101000100
2771 0100101000
2772 0101010000
2773 0100001001
2774 1100010010
2775 1110000001
2776 1100000110
2777 0110100000
2778 0101000100
2779 0100101000
2780 1101010000
2781 1100001001
2782 1100010010
2783 0010000001
2784 0000000110
2785 0010100000
2786 1001000100
2787 1000101000
2788 1001010000
2789 0000001001
2790 0000010010
2791 0010000001
2792 1000000110
2793 1010100000
2794 1001000100
2795 0000101000
2796 0001010000
2797 0000001001
2798 1000010010
2799 1110000001
2800 1100000110
2801 0110100000
2802 0101000100
2803 0100101000
2804 1101010000
2805 1100001001
2806 1100010010
2807 0110000001
2808 0100000110
2809 0110100000
2810 1101000100
2811 1100101000
2812 1101010000
2813 0100001001
2814 0100010010
2815 0010000001
2816 1000000110
2817 1010100000
2818 1001000100
2819 0000101000
2820 0001010000
2821 0000001001
2822 1000010010
2823 1010000001
2824 1000000110
2825 0010100000
2826 0001000100
2827 0000101000
2828 1001010000
2829 1000001001
2830 1000010010
2831 0110000001
2832 0100000110
2833 0110100000
2834 1101000100
2835 1100101000
2836 1101010000
2837 0100001001
2838 0100010010
2839 0110000001
2840 1100000110
2841 1110100000
2842 1101000100
2843 0100101000
2844 0101010000
2845 0100001001
2846 1100010010
2847 1010000001
2848 1000000110
2849 0010100000
2850 0001000100
2851 0000101000
2852 1001010000
2853 1000001001
2854 1000010010
2855 0010000001
2856 0000000110
2857 0010100000
2858 1001000100
2859 1000101000
2860 1001010000
2861 0000001001
2862 0000010010
2863 0110000001
2864 1100000110
2865 1110100000
2866 1101000100
2867 0100101000
2868 0101010000
2869 0100001001
2870 1100010010
2871 1110000001
2872 1100000110
2873 0110100000
2874 0101000100
2875 0100101000
2876 1101010000
2877 1100001001
2878 1100010010
2879 0010000001
2880 0000000110
2881 0010100000
2882 1001000100
2883 1000101000
2884 1001010000
2885 0000001001
2886 0000010010
2887 0010000001
2888 1000000110
2889 1010100000
2890 1001000100
2891 0000101000
2892 0001010000
2893 0000001001
2894 1000010010
2895 1110000001
2896 1100000110
2897 0110100000
2898 0101000100
2899 0100101000
2900 1101010000
2901 1100001001
2902 1100010010
2903 0110000001
2904 0100000110
2905 0110100000
2906 1101000100
2907 1100101000
2908 1101010000
2909 0100001001
2910 0100010010
2911 0010000001
2912 1000000110
2913 1010100000
2914 1001000100
2915 0000101000
2916 0001010000
2917 0000001001
2918 1000010010
2919 1010000001
2920 1000000110
2921 0010100000
2922 0001000100
2923 0000101000
2924 1001010000
2925 1000001001
2926 1000010010
2927 0110000001
2928 0100000110
2929 0110100000
2930 1101000100
2931 1100101000
2932 1101010000
2933 0100001001
2934 0100010010
2935 0110000001
2936 1100000110
2937 1110100000
2938 1101000100
2939 0100101000
2940 0101010000
2941 0100001001
2942 1100010010
2943 1010000001
2944 1000000110
2945 0010100000
2946 0001000100
2947 0000101000
2948 1001010000
2949 1000001001
2950 1000010010
2951 0010000001
2952 0000000110
2953 0010100000
2954 1001000100
2955 1000101000
2956 1001010000
2957 0000001001
2958 0000010010
2959 0110000001
2960 1100000110
2961 1110100000
2962 1101000100
2963 0100101000
2964 0101010000
2965 0100001001
2966 1100010010
2967 1110000001
2968 1100000110
2969 0110100000
2970 0101000100
2971 0100101000
2972 1101010000
2973 1100001001
2974 1100010010
2975 0010000001
2976 0000000110
2977 0010100000
2978 1001000100
2979 1000101000
2980 1001010000
2981 0000001001
2982 0000010010
2983 0010000001
2984 1000000110
2985 1010100000
2986 1001000100
2987 0000101000
2988 0001010000
2989 0000001001
2990 1000010010
2991 1110000001
2992 1100000110
2993 0110100000
2994 0101000100
2995 0100101000
2996 1101010000
2997 1100001001
2998 1100010010
2999 0110000001
tb3.v:23: $finish called at 30000000 (1ps)
